12674788	457
12674889	457
12674990	456
12675091	456
12675192	457
12675293	456
12675394	456
12675495	457
12675596	457
12675697	456
12675798	456
12675899	457
12676000	456
12676101	457
12676202	458
12676303	457
12676404	457
12676505	457
12676606	457
12676707	457
12676808	456
12676909	456
12677010	456
12677111	456
12677212	456
12677313	456
12677414	457
12677515	456
12677616	458
12677717	457
12677818	456
12677919	456
12678020	457
12678121	456
12678222	456
12678323	456
12678424	456
12678525	456
12678626	456
12678727	456
12678828	456
12678929	456
12679030	456
12679146	456
12679247	456
12679348	456
12679449	457
12679550	456
12679651	457
12679752	457
12679853	457
12679954	457
12680055	457
12680156	456
12680257	456
12680358	456
12680465	456
12680569	457
12680677	456
12680780	456
12680887	456
12680990	456
12681091	456
12681192	456
12681293	456
12681394	456
12681495	456
12681596	456
12681697	456
12681798	456
12681899	456
12682000	455
12682101	456
12682202	456
12682303	456
12682410	456
12682511	456
12682612	456
12682713	456
12682814	456
12682915	456
12683016	456
12683117	456
12683218	456
12683319	456
12683427	456
12683528	456
12683629	456
12683730	457
12683831	456
12683932	456
12684033	456
12684134	457
12684235	457
12684336	457
12684437	457
12684538	457
12684639	457
12684740	457
12684841	457
12684943	457
12685044	457
12685145	457
12685246	457
12685347	457
12685448	457
12685549	457
12685650	457
12685751	456
12685852	456
12685953	456
12686054	456
12686155	456
12686256	456
12686357	457
12686458	456
12686559	457
12686660	457
12686761	457
12686862	456
12686963	456
12687064	456
12687165	457
12687266	457
12687367	456
12687468	457
12687569	456
12687670	456
12687771	456
12687872	456
12687974	456
12688075	456
12688176	456
12688277	457
12688378	456
12688479	457
12688580	456
12688681	456
12688782	455
12688883	456
12688984	455
12689085	457
12689186	456
12689287	457
12689388	457
12689489	456
12689590	456
12689691	456
12689792	457
12689893	457
12689994	456
12690095	456
12690196	456
12690297	457
12690398	456
12690499	456
12690600	457
12690701	456
12690802	456
12690903	456
12691004	457
12691105	457
12691206	457
12691307	457
12691408	456
12691509	457
12691610	456
12691711	456
12691812	456
12691913	455
12692014	456
12692115	456
12692216	456
12692317	456
12692418	456
12692519	456
12692620	456
12692721	456
12692822	456
12692923	456
12693024	456
12693125	456
12693226	456
12693327	457
12693435	456
12693537	456
12693638	456
12693739	456
12693840	456
12693941	456
12694042	456
12694143	456
12694244	456
12694345	458
12694446	457
12694547	457
12694648	456
12694749	456
12694850	456
12694951	456
