12617929	0
12618031	1
12618132	1
12618233	0
12618334	0
12618435	0
12618536	0
12618637	0
12618738	0
12618839	0
12618940	1
12619043	0
12619144	0
12619245	0
12619346	1
12619447	0
12619548	0
12619649	0
12619750	0
12619851	0
12619952	0
12620059	0
12620160	0
12620261	0
12620362	0
12620463	0
12620564	0
12620665	0
12620766	0
12620867	0
12620968	0
12621076	0
12621178	0
12621279	0
12621380	0
12621481	0
12621582	0
12621683	0
12621784	0
12621885	0
12621986	0
12622087	0
12622188	0
12622289	0
12622408	0
12622509	0
12622610	0
12622711	0
12622818	0
12622921	0
12623022	0
12623123	0
12623224	1
12623325	0
12623426	0
12623527	0
12623628	0
12623729	0
12623830	0
12623931	0
12624032	0
12624133	0
12624234	0
12624335	0
12624436	0
12624537	0
12624638	0
12624739	0
12624840	0
12624941	0
12625042	0
12625143	0
12625244	0
12625345	0
12625446	0
12625547	0
12625648	0
12625750	0
12625851	0
12625959	0
12626062	0
12626163	0
12626264	0
12626365	0
12626466	0
12626567	0
12626668	0
12626769	0
12626870	0
12626971	0
12627072	0
12627173	0
12627274	0
12627375	0
12627476	0
12627577	1
12627678	0
12627779	0
12627880	0
12627981	0
12628082	0
12628183	0
12628284	0
12628385	0
12628486	0
12628587	0
12628688	0
12628789	0
12628890	1
12628991	0
12629115	0
12629216	0
12629317	0
12629418	0
12629519	0
12629620	0
12629721	0
12629822	0
12629923	0
12630024	0
12630125	0
12630226	0
12630335	0
12630442	0
12630545	0
12630646	0
12630747	0
12630848	1
12630949	0
12631050	0
12631151	0
12631252	0
12631353	0
12631454	0
12631555	0
12631656	0
12631757	0
12631858	0
12631959	0
12632060	0
12632161	0
12632262	0
12632363	0
12632465	0
12632567	0
12632668	0
12632769	0
12632870	0
12632971	0
12633072	0
12633173	0
12633274	0
12633375	0
12633476	0
12633577	0
12633678	0
12633779	0
12633880	0
12633981	0
12634082	0
12634183	0
12634284	0
12634385	0
12634486	0
12634587	0
12634688	0
12634789	0
12634890	0
12634991	0
12635099	0
12635202	0
12635303	0
12635404	0
12635505	0
12635606	0
12635707	0
12635808	0
12635909	0
12636010	0
12636111	0
12636212	0
12636313	0
12636414	0
12636515	0
12636616	1
12636717	0
12636818	0
12636919	0
12637020	0
12637121	0
12637222	0
12637323	0
12637424	0
12637525	0
12637626	0
12637727	0
12637828	0
12637929	0
12638030	0
12638154	0
