12108181	314
12108282	314
12108383	314
12108490	315
12108593	314
12108694	314
12108795	314
12108896	315
12108997	314
12109098	314
12109199	315
12109300	314
12109401	314
12109502	314
12109603	315
12109704	314
12109805	314
12109906	315
12110007	315
12110108	315
12110209	314
12110310	315
12110411	314
12110512	314
12110613	314
12110714	315
12110815	315
12110916	314
12111017	315
12111118	315
12111219	314
12111320	314
12111436	315
12111538	315
12111639	315
12111740	315
12111841	314
12111942	314
12112043	314
12112144	314
12112245	315
12112346	314
12112448	314
12112549	315
12112650	315
12112751	314
12112852	314
12112953	314
12113060	315
12113163	314
12113264	315
12113365	315
12113466	315
12113568	314
12113669	315
12113770	315
12113871	314
12113972	314
12114073	314
12114174	314
12114275	315
12114376	314
12114477	315
12114578	315
12114689	314
12114790	314
12114891	314
12114992	314
12115093	315
12115200	315
12115305	315
12115412	314
12115516	315
12115617	315
12115718	315
12115819	314
12115920	314
12116021	314
12116122	314
12116223	315
12116324	314
12116425	315
12116526	315
12116627	315
12116728	315
12116829	315
12116930	314
12117038	315
12117140	315
12117241	314
12117342	315
12117443	315
12117544	315
12117645	315
12117746	315
12117847	315
12117948	315
12118049	315
12118150	314
12118251	314
12118352	314
12118459	314
12118562	315
12118663	315
12118764	315
12118865	315
12118966	314
12119067	314
12119172	315
12119273	315
12119374	315
12119475	315
12119576	315
12119677	315
12119778	315
12119879	315
12119980	314
12120081	314
12120182	314
12120283	315
12120384	315
12120485	315
12120586	315
12120693	315
12120796	314
12120897	315
12120998	314
12121099	315
12121200	314
12121301	315
12121402	315
12121503	315
12121604	315
12121705	315
12121806	315
12121907	315
12122008	313
12122115	315
12122219	315
12122327	314
12122429	314
12122530	314
12122631	314
12122732	314
12122833	314
12122934	315
12123035	315
12123136	315
12123237	315
12123338	315
12123439	314
12123540	315
12123641	314
12123742	314
12123843	315
12123944	315
12124045	315
12124146	315
12124247	315
12124348	314
12124449	314
12124550	315
12124651	314
12124752	315
12124853	314
12124954	315
12125055	315
12125156	315
12125263	315
12125366	314
12125467	314
12125568	315
12125669	314
12125770	314
12125871	315
12125972	314
12126073	315
12126174	314
12126275	315
12126376	314
12126477	314
12126578	314
12126685	315
12126788	314
12126889	314
12126990	313
12127091	315
12127192	315
12127293	315
12127394	315
12127495	314
12127596	314
12127697	314
12127798	314
12127899	315
12128000	314
12128101	316
12128202	315
12128303	315
12128404	315
