12274568	0
12274677	0
12274778	0
12274880	0
12274981	0
12275082	0
12275183	0
12275284	1
12275385	0
12275486	0
12275587	0
12275688	0
12275789	0
12275890	0
12275991	0
12276092	0
12276193	0
12276301	0
12276404	0
12276511	0
12276614	0
12276715	0
12276816	0
12276917	0
12277018	0
12277119	0
12277220	0
12277322	1
12277423	0
12277524	0
12277625	1
12277726	0
12277827	0
12277928	0
12278029	1
12278137	0
12278239	0
12278340	0
12278441	0
12278542	0
12278643	0
12278744	0
12278845	1
12278946	0
12279047	0
12279148	0
12279249	0
12279350	0
12279451	0
12279552	0
12279653	0
12279754	0
12279855	1
12279956	0
12280057	1
12280158	0
12280259	1
12280360	0
12280461	0
12280562	1
12280663	1
12280764	0
12280865	0
12280966	0
12281073	1
12281177	0
12281285	0
12281388	0
12281495	1
12281598	0
12281699	1
12281800	0
12281901	1
12282002	0
12282103	0
12282204	0
12282305	1
12282406	0
12282507	1
12282608	0
12282709	0
12282810	0
12282911	1
12283018	0
12283122	0
12283223	0
12283324	0
12283425	1
12283526	0
12283627	0
12283728	0
12283829	1
12283930	0
12284031	0
12284132	0
12284233	0
12284334	0
12284435	0
12284536	0
12284637	0
12284738	0
12284839	0
12284940	0
12285041	0
12285142	0
12285243	0
12285344	0
12285445	0
12285546	1
12285647	0
12285748	0
12285849	1
12285950	0
12286057	1
12286160	0
12286261	0
12286362	0
12286463	0
12286564	0
12286665	0
12286766	1
12286867	1
12286968	0
12287069	0
12287170	0
12287271	0
12287372	0
12287479	1
12287582	0
12287683	0
12287784	1
12287885	0
12287986	0
12288087	0
12288188	0
12288289	0
12288390	0
12288491	0
12288592	0
12288693	0
12288794	0
12288895	0
12288996	1
12289097	0
12289198	0
12289299	0
12289400	1
12289501	0
12289602	0
12289703	0
12289804	0
12289905	0
12290006	1
12290107	0
12290214	0
12290318	0
12290426	1
12290528	0
12290629	1
12290730	0
12290831	0
12290932	0
12291033	0
12291134	1
12291235	0
12291336	0
12291437	1
12291538	0
12291639	1
12291740	0
12291841	1
12291948	0
12292051	0
12292152	0
12292253	0
12292354	0
12292455	0
12292556	1
12292657	0
12292758	0
12292859	0
12292962	0
12293063	0
12293164	0
12293265	0
12293366	0
12293467	1
12293568	0
12293669	0
12293776	0
12293879	1
12293999	0
12294100	1
12294201	1
12294302	0
12294409	0
12294512	0
12294613	0
12294714	0
12294815	0
