0.014000	5.000000	0.000000
0.014050	5.000000	0.000000
0.014100	5.000000	0.000000
0.014150	4.800000	0.447214
0.014200	5.200000	0.447214
0.014250	5.000000	0.000000
0.014300	5.000000	0.000000
0.014350	5.000000	0.000000
0.014400	5.000000	0.000000
0.014450	5.200000	0.447214
0.014500	5.000000	0.000000
0.014550	5.000000	0.000000
0.014600	5.000000	0.000000
0.014650	5.200000	0.447214
0.014700	5.000000	0.000000
0.014750	5.200000	0.447214
0.014800	5.000000	0.000000
0.014850	5.200000	0.447214
0.014900	4.800000	0.447214
0.014950	5.000000	0.000000
0.015000	5.000000	0.000000
0.015050	5.200000	0.447214
0.015100	5.400000	0.547723
0.015150	5.000000	0.707107
0.015200	5.200000	0.447214
0.015250	5.000000	0.000000
0.015300	5.200000	0.447214
0.015350	5.400000	0.547723
0.015400	5.000000	0.000000
0.015450	5.000000	0.000000
0.015500	5.000000	0.000000
0.015550	5.000000	0.000000
0.015600	5.000000	0.000000
0.015650	5.200000	0.447214
0.015700	5.000000	0.000000
0.015750	5.000000	0.707107
0.015800	5.200000	0.447214
0.015850	5.000000	0.000000
0.015900	5.000000	0.000000
0.015950	5.400000	0.547723
0.016000	5.200000	0.447214
0.016050	5.000000	0.000000
0.016100	5.000000	0.000000
0.016150	5.000000	0.000000
0.016200	5.000000	0.000000
0.016250	5.000000	0.000000
0.016300	5.000000	0.000000
0.016350	5.000000	0.000000
0.016400	5.000000	0.000000
0.016450	5.000000	0.000000
0.016500	5.000000	0.000000
0.016550	5.000000	0.000000
0.016600	4.600000	0.547723
0.016650	5.000000	0.000000
0.016700	5.000000	0.000000
0.016750	4.800000	0.447214
0.016800	5.000000	0.000000
0.016850	4.600000	0.547723
0.016900	4.800000	0.447214
0.016950	4.800000	0.447214
0.017000	4.600000	0.547723
0.017050	4.200000	0.447214
0.017100	4.600000	0.547723
0.017150	4.200000	0.447214
0.017200	4.600000	0.547723
0.017250	4.200000	0.447214
0.017300	4.000000	0.000000
0.017350	4.000000	0.000000
0.017400	4.000000	0.000000
0.017450	4.000000	0.000000
0.017500	4.200000	0.447214
0.017550	4.000000	0.000000
0.017600	4.000000	0.000000
0.017650	4.000000	0.000000
0.017700	4.000000	0.000000
0.017750	4.000000	0.000000
0.017800	4.000000	0.000000
0.017850	4.200000	0.447214
0.017900	4.000000	0.000000
0.017950	4.000000	0.707107
0.018000	4.000000	0.000000
0.018050	4.000000	0.000000
0.018100	4.000000	0.000000
0.018150	3.800000	0.447214
0.018200	3.800000	0.447214
0.018250	3.600000	0.547723
0.018300	4.000000	0.000000
0.018350	3.800000	0.447214
0.018400	4.000000	0.000000
0.018450	3.400000	0.547723
0.018500	4.000000	0.000000
0.018550	3.400000	0.547723
0.018600	3.200000	0.447214
0.018650	3.600000	0.547723
0.018700	3.600000	0.547723
0.018750	3.200000	0.447214
0.018800	3.400000	0.547723
0.018850	3.200000	0.447214
0.018900	3.600000	0.547723
0.018950	3.000000	0.000000
0.019000	3.200000	0.447214
0.019050	3.200000	0.447214
0.019100	3.200000	0.447214
0.019150	3.000000	0.000000
0.019200	3.200000	0.447214
0.019250	3.000000	0.000000
0.019300	3.000000	0.000000
0.019350	3.200000	0.447214
0.019400	3.000000	0.000000
0.019450	3.200000	0.447214
0.019500	3.200000	0.447214
0.019550	3.000000	0.000000
0.019600	3.200000	0.447214
0.019650	3.000000	0.000000
0.019700	3.000000	0.000000
0.019750	3.000000	0.000000
0.019800	3.000000	0.000000
0.019850	3.000000	0.000000
0.019900	2.800000	0.447214
0.019950	3.000000	0.000000
0.020000	3.000000	0.000000
0.020050	3.000000	0.000000
0.020100	3.200000	0.447214
0.020150	3.000000	0.000000
0.020200	3.400000	0.547723
0.020250	3.000000	0.000000
0.020300	3.000000	0.000000
0.020350	3.000000	0.000000
0.020400	3.000000	0.000000
0.020450	3.200000	0.447214
0.020500	3.200000	0.836660
0.020550	3.000000	0.000000
0.020600	3.200000	0.447214
0.020650	3.000000	0.000000
0.020700	3.200000	0.447214
0.020750	2.800000	0.447214
0.020800	3.000000	0.000000
0.020850	3.400000	0.547723
0.020900	3.600000	0.547723
0.020950	3.800000	0.447214
0.021000	3.200000	0.447214
0.021050	3.400000	0.547723
0.021100	3.800000	0.447214
0.021150	3.600000	0.547723
0.021200	4.000000	0.000000
0.021250	4.000000	0.000000
0.021300	4.000000	0.000000
0.021350	4.000000	0.000000
0.021400	4.000000	0.000000
0.021450	4.000000	0.000000
0.021500	4.000000	0.000000
0.021550	4.000000	0.000000
0.021600	3.800000	0.447214
0.021650	4.000000	0.000000
0.021700	4.000000	0.000000
0.021750	4.000000	0.000000
0.021800	4.000000	0.000000
0.021850	4.200000	0.836660
0.021900	4.600000	0.547723
0.021950	4.400000	0.547723
0.022000	4.800000	0.447214
0.022050	4.800000	0.447214
0.022100	5.000000	0.000000
0.022150	4.600000	0.547723
0.022200	4.800000	0.447214
0.022250	5.000000	0.000000
0.022300	5.000000	0.000000
0.022350	5.000000	0.000000
0.022400	5.000000	0.000000
0.022450	5.200000	0.447214
0.022500	5.000000	0.000000
0.022550	5.200000	0.447214
0.022600	5.000000	0.000000
0.022650	5.200000	0.447214
0.022700	5.600000	0.547723
0.022750	5.400000	0.547723
0.022800	5.200000	0.447214
0.022850	6.000000	0.000000
0.022900	6.000000	0.000000
0.022950	6.000000	0.000000
0.023000	5.600000	0.547723
0.023050	5.800000	0.447214
0.023100	6.000000	0.000000
0.023150	6.000000	0.000000
0.023200	6.000000	0.000000
0.023250	6.000000	0.000000
0.023300	5.800000	0.447214
0.023350	6.000000	0.000000
0.023400	6.200000	0.447214
0.023450	6.200000	0.447214
0.023500	6.400000	0.547723
0.023550	6.000000	0.707107
0.023600	6.400000	0.547723
0.023650	6.200000	0.447214
0.023700	6.800000	0.447214
0.023750	6.400000	0.547723
0.023800	6.600000	0.547723
0.023850	6.000000	0.000000
0.023900	7.000000	0.000000
0.023950	7.000000	0.000000
0.024000	7.000000	0.000000
0.024050	7.000000	0.000000
0.024100	7.000000	0.000000
0.024150	7.000000	0.000000
0.024200	7.200000	0.447214
0.024250	6.800000	0.447214
0.024300	7.000000	0.000000
0.024350	7.000000	0.000000
0.024400	7.000000	0.000000
0.024450	7.000000	0.000000
0.024500	7.000000	0.000000
0.024550	7.000000	0.000000
0.024600	7.000000	0.000000
0.024650	7.000000	0.000000
0.024700	7.000000	0.000000
0.024750	7.000000	0.000000
0.024800	7.000000	0.000000
0.024850	7.000000	0.000000
0.024900	6.800000	0.447214
0.024950	6.800000	0.447214
0.025000	7.400000	0.547723
0.025050	7.000000	0.000000
0.025100	7.000000	0.000000
0.025150	7.000000	0.000000
0.025200	7.200000	0.447214
0.025250	7.000000	0.000000
0.025300	7.000000	0.000000
0.025350	7.000000	0.000000
0.025400	7.000000	0.000000
0.025450	7.000000	0.000000
0.025500	7.000000	0.000000
0.025550	7.000000	0.000000
0.025600	7.000000	0.000000
0.025650	7.000000	0.000000
0.025700	7.000000	0.000000
0.025750	7.000000	0.000000
0.025800	6.800000	0.447214
0.025850	6.600000	0.894427
0.025900	6.800000	0.447214
0.025950	6.800000	0.447214
0.026000	7.000000	0.000000
0.026050	6.200000	0.447214
0.026100	6.400000	0.547723
0.026150	6.800000	0.447214
0.026200	6.200000	0.447214
0.026250	6.600000	0.547723
0.026300	6.000000	0.000000
0.026350	6.000000	0.000000
0.026400	6.600000	0.547723
0.026450	6.200000	0.447214
0.026500	6.400000	0.547723
0.026550	6.000000	0.000000
0.026600	6.000000	0.000000
0.026650	6.000000	0.000000
0.026700	6.000000	0.000000
0.026750	6.000000	0.000000
0.026800	6.000000	0.000000
0.026850	6.000000	0.000000
0.026900	5.800000	0.447214
0.026950	6.000000	0.000000
0.027000	6.000000	0.000000
0.027050	5.800000	0.447214
0.027100	5.400000	0.547723
0.027150	5.800000	0.447214
0.027200	5.200000	0.447214
0.027250	5.200000	0.447214
0.027300	5.200000	0.447214
0.027350	5.200000	0.447214
0.027400	5.000000	0.000000
0.027450	5.000000	0.000000
0.027500	5.000000	0.000000
0.027550	5.000000	0.000000
0.027600	5.000000	0.000000
0.027650	5.000000	0.000000
0.027700	4.800000	0.447214
0.027750	5.000000	0.000000
0.027800	4.600000	0.547723
0.027850	4.600000	0.547723
0.027900	4.600000	0.547723
0.027950	4.200000	0.447214
0.028000	4.400000	0.547723
0.028050	4.600000	0.547723
0.028100	4.000000	0.000000
0.028150	4.200000	0.447214
0.028200	4.200000	0.447214
0.028250	4.000000	0.000000
0.028300	4.200000	0.447214
0.028350	4.000000	0.000000
0.028400	4.000000	0.000000
0.028450	4.000000	0.000000
0.028500	4.000000	0.000000
0.028550	4.000000	0.000000
0.028600	4.000000	0.000000
0.028650	3.800000	0.447214
0.028700	4.000000	0.000000
0.028750	3.800000	0.447214
0.028800	3.800000	0.447214
0.028850	4.000000	0.000000
0.028900	3.800000	0.447214
0.028950	3.600000	0.547723
0.029000	3.800000	0.447214
0.029050	3.600000	0.547723
0.029100	4.000000	0.000000
0.029150	3.600000	0.547723
0.029200	3.400000	0.547723
0.029250	3.800000	0.447214
0.029300	3.800000	0.447214
0.029350	3.200000	0.447214
0.029400	3.200000	0.836660
0.029450	3.600000	0.547723
0.029500	3.400000	0.547723
0.029550	3.600000	0.547723
0.029600	3.200000	0.447214
0.029650	3.400000	0.547723
0.029700	4.200000	0.447214
0.029750	3.400000	0.547723
0.029800	4.000000	0.000000
0.029850	3.800000	0.447214
0.029900	3.400000	0.547723
0.029950	3.800000	0.447214
0.030000	3.600000	0.547723
0.030050	3.800000	0.447214
0.030100	4.000000	0.000000
0.030150	3.800000	0.447214
0.030200	3.800000	0.447214
0.030250	4.000000	0.000000
0.030300	4.000000	0.000000
0.030350	4.000000	0.000000
0.030400	4.000000	0.000000
0.030450	4.000000	0.000000
0.030500	3.800000	0.447214
0.030550	4.000000	0.000000
0.030600	4.000000	0.000000
0.030650	4.000000	0.000000
0.030700	4.000000	0.000000
0.030750	4.000000	0.000000
0.030800	4.000000	0.000000
0.030850	4.200000	0.447214
0.030900	4.200000	0.447214
0.030950	4.400000	0.547723
0.031000	4.200000	0.447214
0.031050	4.400000	0.547723
0.031100	4.800000	0.447214
0.031150	4.800000	0.447214
0.031200	5.000000	0.000000
0.031250	4.800000	0.447214
0.031300	5.000000	0.000000
0.031350	5.000000	0.000000
0.031400	5.400000	0.547723
0.031450	5.000000	0.000000
0.031500	5.000000	0.000000
0.031550	5.400000	0.547723
0.031600	5.400000	0.547723
0.031650	5.600000	0.547723
0.031700	5.800000	0.447214
0.031750	6.000000	0.000000
0.031800	5.800000	0.447214
0.031850	5.800000	0.447214
0.031900	6.200000	0.447214
0.031950	6.000000	0.000000
0.032000	6.000000	0.000000
0.032050	6.000000	0.000000
0.032100	6.400000	0.547723
0.032150	6.600000	0.547723
0.032200	6.600000	0.547723
0.032250	7.000000	0.000000
0.032300	6.800000	0.447214
0.032350	7.000000	0.000000
0.032400	7.200000	0.447214
0.032450	7.000000	0.000000
0.032500	7.200000	0.447214
0.032550	7.000000	0.000000
0.032600	7.000000	0.000000
0.032650	7.800000	0.447214
0.032700	7.400000	0.547723
0.032750	7.800000	0.447214
0.032800	7.800000	0.447214
0.032850	8.000000	0.000000
0.032900	8.000000	0.000000
0.032950	8.000000	0.000000
0.033000	8.000000	0.000000
0.033050	8.000000	0.000000
0.033100	8.600000	0.547723
0.033150	8.400000	0.547723
0.033200	8.200000	0.447214
0.033250	8.600000	0.547723
0.033300	8.600000	0.547723
0.033350	9.000000	0.000000
0.033400	9.000000	0.000000
0.033450	9.000000	0.000000
0.033500	9.000000	0.000000
0.033550	9.000000	0.000000
0.033600	9.200000	0.447214
0.033650	9.200000	0.447214
0.033700	9.000000	0.000000
0.033750	9.400000	0.547723
0.033800	8.800000	0.447214
0.033850	9.200000	0.447214
0.033900	9.400000	0.547723
0.033950	10.000000	0.000000
0.034000	9.600000	0.547723
0.034050	9.800000	0.447214
0.034100	9.800000	0.447214
0.034150	10.000000	0.000000
0.034200	10.000000	0.000000
0.034250	10.000000	0.000000
0.034300	9.800000	0.447214
0.034350	10.000000	0.000000
0.034400	10.000000	0.000000
0.034450	10.000000	0.000000
0.034500	10.000000	0.000000
0.034550	10.000000	0.000000
0.034600	10.000000	0.000000
0.034650	10.000000	0.000000
0.034700	10.000000	0.000000
0.034750	10.200000	0.447214
0.034800	10.000000	0.000000
0.034850	10.200000	0.447214
0.034900	9.800000	0.447214
0.034950	10.000000	0.000000
0.035000	10.400000	0.547723
0.035050	10.000000	0.000000
0.035100	10.000000	0.000000
0.035150	10.000000	0.000000
0.035200	10.000000	0.000000
0.035250	10.000000	0.000000
0.035300	10.200000	0.447214
0.035350	10.000000	0.000000
0.035400	9.800000	0.447214
0.035450	10.000000	0.000000
0.035500	10.000000	0.000000
0.035550	10.000000	0.000000
0.035600	10.000000	0.000000
0.035650	10.000000	0.000000
0.035700	10.000000	0.000000
0.035750	10.000000	0.000000
0.035800	9.800000	0.447214
0.035850	10.000000	0.000000
0.035900	10.000000	0.000000
0.035950	10.000000	0.000000
0.036000	9.400000	0.547723
0.036050	9.600000	0.547723
0.036100	9.200000	0.447214
0.036150	9.200000	0.447214
0.036200	9.200000	0.447214
0.036250	8.800000	0.447214
0.036300	9.000000	0.000000
0.036350	8.800000	0.447214
0.036400	9.000000	0.000000
0.036450	9.000000	0.000000
0.036500	8.800000	0.447214
0.036550	9.000000	0.000000
0.036600	8.800000	0.447214
0.036650	9.000000	0.000000
0.036700	9.000000	0.000000
0.036750	8.400000	0.547723
0.036800	9.000000	0.000000
0.036850	8.400000	0.547723
0.036900	8.600000	0.547723
0.036950	8.000000	0.000000
0.037000	8.200000	0.447214
0.037050	8.000000	0.000000
0.037100	8.000000	0.000000
0.037150	8.000000	0.000000
0.037200	8.000000	0.000000
0.037250	8.000000	0.000000
0.037300	7.800000	0.447214
0.037350	7.800000	0.447214
0.037400	7.400000	0.547723
0.037450	7.400000	0.547723
0.037500	7.200000	0.447214
0.037550	7.600000	0.547723
0.037600	7.200000	0.447214
0.037650	7.000000	0.000000
0.037700	7.000000	0.000000
0.037750	7.400000	0.547723
0.037800	7.000000	0.000000
0.037850	7.000000	0.000000
0.037900	7.000000	0.000000
0.037950	6.800000	0.447214
0.038000	7.000000	0.000000
0.038050	7.000000	0.000000
0.038100	6.800000	0.447214
0.038150	6.400000	0.547723
0.038200	6.800000	0.447214
0.038250	6.400000	0.547723
0.038300	6.600000	0.547723
0.038350	6.400000	0.547723
0.038400	6.000000	0.000000
0.038450	6.200000	0.447214
0.038500	6.000000	0.000000
0.038550	5.800000	0.447214
0.038600	6.000000	0.000000
0.038650	6.000000	0.000000
0.038700	6.000000	0.000000
0.038750	6.000000	0.000000
0.038800	6.000000	0.000000
0.038850	6.000000	0.000000
0.038900	6.000000	0.000000
0.038950	6.000000	0.000000
0.039000	6.400000	0.547723
0.039050	6.000000	0.000000
0.039100	6.000000	0.000000
0.039150	6.200000	0.447214
0.039200	6.200000	0.447214
0.039250	6.000000	0.000000
0.039300	6.000000	0.707107
0.039350	6.000000	0.000000
0.039400	6.200000	0.447214
0.039450	6.200000	0.447214
0.039500	6.600000	0.547723
0.039550	6.400000	0.547723
0.039600	6.200000	0.447214
0.039650	6.800000	0.447214
0.039700	6.800000	0.447214
0.039750	7.000000	0.000000
0.039800	6.800000	0.447214
0.039850	7.000000	0.000000
0.039900	7.200000	0.447214
0.039950	7.000000	0.000000
0.040000	7.000000	0.000000
0.040050	7.200000	0.447214
0.040100	7.200000	0.447214
0.040150	7.600000	0.547723
0.040200	8.000000	0.000000
0.040250	8.000000	0.000000
0.040300	8.000000	0.000000
0.040350	8.000000	0.000000
0.040400	8.000000	0.000000
0.040450	8.200000	0.447214
0.040500	8.000000	0.000000
0.040550	8.200000	0.447214
0.040600	8.200000	0.447214
0.040650	8.800000	0.447214
0.040700	9.000000	0.000000
0.040750	9.000000	0.000000
0.040800	9.000000	0.000000
0.040850	9.000000	0.000000
0.040900	9.400000	0.547723
0.040950	9.400000	0.547723
0.041000	10.000000	0.000000
0.041050	10.000000	0.000000
0.041100	9.800000	0.447214
0.041150	10.000000	0.000000
0.041200	10.600000	0.547723
0.041250	10.800000	0.447214
0.041300	11.000000	0.000000
0.041350	11.000000	0.000000
0.041400	11.000000	0.000000
0.041450	11.600000	0.547723
0.041500	11.800000	0.447214
0.041550	12.000000	0.000000
0.041600	12.000000	0.000000
0.041650	12.000000	0.000000
0.041700	12.000000	0.000000
0.041750	12.400000	0.547723
0.041800	12.800000	0.447214
0.041850	13.000000	0.000000
0.041900	13.000000	0.000000
0.041950	13.200000	0.836660
0.042000	13.400000	0.547723
0.042050	13.600000	0.547723
0.042100	14.000000	0.000000
0.042150	14.000000	0.000000
0.042200	14.000000	0.707107
0.042250	14.400000	0.547723
0.042300	14.800000	0.447214
0.042350	14.800000	0.447214
0.042400	15.000000	0.000000
0.042450	15.200000	0.447214
0.042500	15.000000	0.000000
0.042550	15.400000	0.547723
0.042600	15.400000	0.547723
0.042650	16.000000	0.000000
0.042700	16.000000	0.000000
0.042750	16.000000	0.000000
0.042800	16.000000	0.707107
0.042850	17.000000	0.000000
0.042900	16.600000	0.547723
0.042950	17.000000	0.000000
0.043000	17.000000	0.000000
0.043050	17.200000	0.447214
0.043100	17.200000	0.447214
0.043150	17.600000	0.547723
0.043200	18.000000	0.000000
0.043250	17.800000	0.447214
0.043300	17.800000	0.447214
0.043350	18.000000	0.000000
0.043400	18.000000	0.000000
0.043450	18.000000	0.000000
0.043500	18.400000	0.547723
0.043550	18.400000	0.894427
0.043600	19.000000	0.000000
0.043650	18.800000	0.447214
0.043700	19.000000	0.000000
0.043750	18.800000	0.447214
0.043800	19.000000	0.000000
0.043850	19.000000	0.000000
0.043900	19.000000	0.000000
0.043950	19.200000	0.447214
0.044000	19.400000	0.547723
0.044050	19.000000	0.000000
0.044100	19.400000	0.547723
0.044150	19.600000	0.547723
0.044200	19.600000	0.547723
0.044250	19.400000	0.547723
0.044300	19.800000	0.447214
0.044350	20.000000	0.000000
0.044400	20.000000	0.000000
0.044450	19.800000	0.447214
0.044500	19.600000	0.547723
0.044550	20.000000	0.000000
0.044600	20.000000	0.000000
0.044650	20.000000	0.000000
0.044700	20.000000	0.000000
0.044750	20.200000	0.447214
0.044800	20.000000	0.000000
0.044850	20.000000	0.000000
0.044900	20.000000	0.000000
0.044950	20.000000	0.000000
0.045000	19.800000	0.447214
0.045050	19.800000	0.447214
0.045100	19.400000	0.547723
0.045150	19.600000	0.547723
0.045200	19.400000	0.547723
0.045250	19.000000	0.000000
0.045300	19.000000	0.000000
0.045350	19.600000	0.547723
0.045400	19.000000	0.000000
0.045450	19.400000	0.547723
0.045500	19.200000	0.447214
0.045550	19.000000	0.000000
0.045600	19.000000	0.000000
0.045650	19.000000	0.000000
0.045700	19.000000	0.000000
0.045750	19.000000	0.000000
0.045800	18.800000	0.447214
0.045850	18.400000	0.894427
0.045900	19.000000	0.000000
0.045950	18.400000	0.547723
0.046000	18.400000	0.547723
0.046050	18.200000	0.447214
0.046100	17.800000	0.447214
0.046150	18.000000	0.000000
0.046200	18.000000	0.000000
0.046250	18.000000	0.000000
0.046300	18.000000	0.000000
0.046350	18.000000	0.707107
0.046400	17.800000	0.447214
0.046450	17.800000	0.447214
0.046500	17.800000	0.447214
0.046550	17.600000	0.547723
0.046600	17.200000	0.447214
0.046650	17.800000	0.447214
0.046700	17.200000	0.447214
0.046750	17.400000	0.547723
0.046800	17.000000	0.000000
0.046850	17.000000	0.000000
0.046900	17.200000	0.447214
0.046950	17.000000	0.000000
0.047000	17.000000	0.000000
0.047050	17.000000	0.000000
0.047100	17.000000	0.000000
0.047150	17.000000	0.000000
0.047200	16.800000	0.447214
0.047250	17.000000	0.000000
0.047300	17.000000	0.000000
0.047350	17.000000	0.000000
0.047400	17.000000	0.000000
0.047450	17.000000	0.000000
0.047500	17.000000	0.000000
0.047550	17.200000	0.447214
0.047600	17.400000	0.547723
0.047650	17.600000	0.547723
0.047700	17.200000	0.447214
0.047750	17.800000	0.447214
0.047800	18.000000	0.000000
0.047850	18.000000	0.000000
0.047900	18.000000	0.000000
0.047950	18.200000	0.447214
0.048000	18.600000	0.547723
0.048050	19.000000	0.000000
0.048100	19.000000	0.000000
0.048150	19.000000	0.000000
0.048200	19.400000	0.547723
0.048250	19.400000	0.547723
0.048300	20.000000	0.707107
0.048350	20.000000	0.000000
0.048400	20.600000	0.547723
0.048450	21.000000	0.000000
0.048500	21.000000	0.000000
0.048550	21.400000	0.894427
0.048600	22.000000	0.000000
0.048650	22.000000	0.000000
0.048700	23.000000	0.000000
0.048750	23.200000	0.447214
0.048800	24.000000	0.000000
0.048850	24.000000	0.000000
0.048900	24.800000	0.447214
0.048950	25.000000	0.000000
0.049000	25.600000	0.547723
0.049050	26.800000	0.447214
0.049100	27.000000	0.000000
0.049150	27.800000	0.447214
0.049200	28.000000	0.000000
0.049250	29.000000	0.000000
0.049300	30.000000	0.000000
0.049350	30.800000	0.447214
0.049400	31.200000	0.447214
0.049450	32.000000	0.000000
0.049500	33.200000	0.447214
0.049550	34.000000	0.000000
0.049600	35.000000	0.000000
0.049650	36.000000	0.000000
0.049700	36.200000	0.447214
0.049750	37.400000	0.547723
0.049800	38.400000	0.547723
0.049850	39.400000	0.547723
0.049900	40.200000	0.447214
0.049950	41.200000	0.447214
0.050000	42.200000	0.836660
0.050050	43.200000	0.447214
0.050100	44.200000	0.447214
0.050150	45.800000	0.447214
0.050200	46.600000	0.547723
0.050250	48.000000	0.000000
0.050300	49.000000	0.000000
0.050350	50.200000	0.447214
0.050400	52.000000	0.000000
0.050450	53.200000	0.447214
0.050500	54.200000	0.447214
0.050550	56.200000	0.447214
0.050600	57.000000	0.000000
0.050650	58.800000	0.447214
0.050700	60.400000	0.547723
0.050750	61.200000	0.447214
0.050800	63.000000	0.000000
0.050850	64.400000	0.547723
0.050900	66.000000	0.000000
0.050950	67.800000	0.447214
0.051000	69.200000	0.447214
0.051050	71.000000	0.000000
0.051100	71.800000	0.447214
0.051150	74.000000	0.000000
0.051200	75.800000	0.447214
0.051250	77.200000	0.447214
0.051300	79.000000	0.000000
0.051350	80.600000	0.547723
0.051400	82.800000	0.447214
0.051450	84.000000	0.000000
0.051500	86.000000	0.000000
0.051550	88.000000	0.000000
0.051600	89.400000	0.547723
0.051650	91.200000	0.447214
0.051700	92.800000	0.447214
0.051750	95.000000	0.000000
0.051800	96.600000	0.547723
0.051850	98.400000	0.547723
0.051900	100.800000	0.447214
0.051950	102.000000	0.000000
0.052000	104.400000	0.547723
0.052050	106.600000	0.547723
0.052100	108.200000	0.447214
0.052150	110.600000	0.547723
0.052200	112.400000	0.547723
0.052250	114.400000	0.547723
0.052300	117.000000	0.000000
0.052350	118.600000	0.547723
0.052400	121.000000	0.000000
0.052450	122.800000	0.447214
0.052500	125.000000	0.000000
0.052550	127.000000	0.000000
0.052600	129.000000	0.000000
0.052650	131.400000	0.547723
0.052700	133.600000	0.547723
0.052750	135.400000	0.547723
0.052800	137.600000	0.547723
0.052850	140.000000	0.000000
0.052900	142.200000	0.447214
0.052950	144.200000	0.447214
0.053000	146.000000	0.000000
0.053050	148.000000	0.000000
0.053100	150.000000	0.000000
0.053150	152.000000	0.000000
0.053200	154.000000	0.000000
0.053250	156.000000	0.000000
0.053300	158.400000	0.547723
0.053350	160.000000	0.000000
0.053400	162.400000	0.547723
0.053450	164.000000	0.000000
0.053500	166.200000	0.447214
0.053550	168.000000	0.000000
0.053600	170.200000	0.447214
0.053650	172.400000	0.547723
0.053700	175.000000	0.000000
0.053750	177.000000	0.000000
0.053800	178.600000	0.547723
0.053850	181.000000	0.000000
0.053900	183.000000	0.000000
0.053950	185.000000	0.000000
0.054000	187.000000	0.000000
0.054050	188.800000	0.447214
0.054100	191.000000	0.000000
0.054150	193.000000	0.000000
0.054200	195.000000	0.000000
0.054250	197.000000	0.000000
0.054300	198.400000	0.547723
0.054350	200.400000	0.547723
0.054400	202.000000	0.000000
0.054450	203.600000	0.547723
0.054500	205.800000	0.447214
0.054550	207.000000	0.000000
0.054600	209.000000	0.000000
0.054650	210.200000	0.836660
0.054700	212.000000	0.000000
0.054750	213.600000	0.547723
0.054800	215.000000	0.000000
0.054850	216.800000	0.447214
0.054900	217.800000	0.447214
0.054950	219.400000	0.547723
0.055000	221.000000	0.000000
0.055050	223.000000	0.000000
0.055100	224.000000	0.000000
0.055150	225.400000	0.547723
0.055200	227.000000	0.000000
0.055250	228.000000	0.000000
0.055300	229.400000	0.547723
0.055350	231.000000	0.000000
0.055400	232.000000	0.000000
0.055450	233.200000	0.447214
0.055500	234.000000	0.000000
0.055550	235.200000	0.447214
0.055600	236.200000	0.447214
0.055650	237.600000	0.547723
0.055700	238.200000	0.447214
0.055750	239.400000	0.547723
0.055800	240.800000	0.447214
0.055850	241.800000	0.447214
0.055900	243.000000	0.000000
0.055950	244.000000	0.000000
0.056000	245.600000	0.547723
0.056050	246.200000	0.447214
0.056100	247.000000	0.000000
0.056150	247.800000	0.447214
0.056200	248.000000	0.000000
0.056250	248.400000	0.547723
0.056300	248.000000	0.000000
0.056350	248.000000	0.000000
0.056400	247.800000	0.447214
0.056450	247.200000	0.447214
0.056500	246.400000	0.547723
0.056550	246.000000	0.000000
0.056600	245.000000	0.000000
0.056650	244.800000	0.447214
0.056700	244.000000	0.000000
0.056750	244.000000	0.000000
0.056800	244.000000	0.000000
0.056850	243.800000	0.447214
0.056900	243.600000	0.547723
0.056950	244.000000	0.707107
0.057000	244.000000	0.000000
0.057050	244.800000	0.447214
0.057100	245.000000	0.000000
0.057150	245.400000	0.547723
0.057200	245.400000	0.894427
0.057250	246.400000	0.547723
0.057300	246.600000	0.547723
0.057350	247.000000	0.000000
0.057400	247.000000	0.000000
0.057450	247.000000	0.000000
0.057500	247.200000	0.447214
0.057550	247.200000	0.447214
0.057600	246.000000	0.000000
0.057650	245.200000	0.447214
0.057700	244.200000	0.447214
0.057750	244.000000	0.000000
0.057800	243.000000	0.000000
0.057850	242.000000	0.000000
0.057900	240.800000	0.447214
0.057950	239.000000	0.000000
0.058000	238.000000	0.000000
0.058050	237.200000	0.447214
0.058100	236.400000	0.547723
0.058150	235.000000	0.000000
0.058200	234.000000	0.000000
0.058250	233.000000	0.000000
0.058300	231.600000	0.547723
0.058350	230.400000	0.547723
0.058400	229.000000	0.000000
0.058450	228.000000	0.000000
0.058500	226.600000	0.547723
0.058550	224.800000	0.447214
0.058600	224.000000	0.000000
0.058650	222.000000	0.000000
0.058700	221.000000	0.000000
0.058750	219.000000	0.000000
0.058800	218.000000	0.000000
0.058850	216.000000	0.000000
0.058900	214.000000	1.000000
0.058950	213.000000	0.000000
0.059000	211.200000	0.447214
0.059050	209.200000	0.447214
0.059100	208.000000	0.000000
0.059150	206.000000	0.000000
0.059200	204.000000	0.000000
0.059250	202.600000	0.547723
0.059300	201.000000	0.000000
0.059350	199.200000	0.447214
0.059400	197.400000	0.547723
0.059450	196.000000	0.000000
0.059500	194.000000	0.000000
0.059550	192.000000	0.000000
0.059600	190.200000	0.447214
0.059650	188.000000	0.707107
0.059700	186.200000	0.447214
0.059750	184.000000	0.000000
0.059800	182.400000	0.547723
0.059850	180.200000	0.447214
0.059900	178.000000	0.000000
0.059950	176.200000	0.447214
0.060000	174.200000	0.447214
0.060050	172.000000	0.000000
0.060100	170.000000	0.000000
0.060150	168.000000	0.000000
0.060200	165.400000	0.547723
0.060250	162.800000	0.836660
0.060300	161.000000	0.000000
0.060350	159.000000	0.000000
0.060400	157.000000	0.000000
0.060450	155.000000	0.000000
0.060500	152.600000	0.547723
0.060550	150.400000	0.547723
0.060600	148.000000	0.000000
0.060650	146.400000	0.547723
0.060700	144.000000	0.000000
0.060750	142.000000	0.707107
0.060800	140.000000	0.000000
0.060850	138.000000	0.000000
0.060900	136.000000	0.000000
0.060950	134.200000	0.447214
0.061000	132.000000	0.000000
0.061050	129.800000	0.447214
0.061100	128.000000	0.000000
0.061150	125.400000	0.547723
0.061200	124.000000	0.000000
0.061250	121.800000	0.447214
0.061300	119.800000	0.447214
0.061350	117.600000	0.894427
0.061400	115.400000	0.547723
0.061450	113.400000	0.547723
0.061500	111.200000	0.447214
0.061550	109.800000	0.447214
0.061600	107.200000	0.447214
0.061650	105.400000	0.547723
0.061700	102.800000	0.447214
0.061750	101.200000	0.447214
0.061800	99.000000	0.000000
0.061850	97.000000	0.707107
0.061900	95.200000	0.447214
0.061950	93.600000	0.547723
0.062000	91.600000	0.547723
0.062050	90.200000	0.447214
0.062100	88.000000	0.000000
0.062150	86.000000	0.000000
0.062200	83.800000	0.447214
0.062250	82.200000	0.447214
0.062300	80.400000	0.547723
0.062350	79.000000	0.000000
0.062400	77.000000	0.000000
0.062450	76.000000	0.000000
0.062500	74.000000	0.000000
0.062550	72.400000	0.547723
0.062600	70.800000	0.447214
0.062650	69.200000	0.447214
0.062700	67.800000	0.447214
0.062750	66.000000	0.000000
0.062800	64.600000	0.547723
0.062850	63.600000	0.547723
0.062900	61.600000	0.547723
0.062950	60.200000	0.447214
0.063000	58.600000	0.547723
0.063050	57.200000	0.447214
0.063100	56.000000	0.000000
0.063150	54.200000	0.447214
0.063200	53.000000	0.000000
0.063250	52.000000	0.000000
0.063300	50.200000	0.447214
0.063350	49.000000	0.000000
0.063400	47.800000	0.447214
0.063450	46.800000	0.447214
0.063500	45.000000	0.000000
0.063550	44.200000	0.447214
0.063600	43.000000	0.000000
0.063650	41.600000	0.547723
0.063700	40.800000	0.447214
0.063750	39.800000	0.447214
0.063800	38.600000	0.547723
0.063850	37.600000	0.547723
0.063900	36.400000	0.894427
0.063950	36.000000	0.000000
0.064000	34.800000	0.447214
0.064050	34.000000	0.000000
0.064100	33.000000	0.000000
0.064150	32.200000	0.447214
0.064200	31.000000	0.000000
0.064250	30.400000	0.547723
0.064300	30.000000	0.000000
0.064350	29.000000	0.000000
0.064400	28.000000	0.000000
0.064450	27.800000	0.447214
0.064500	27.000000	0.000000
0.064550	26.000000	0.000000
0.064600	25.800000	0.447214
0.064650	24.800000	0.447214
0.064700	24.200000	0.447214
0.064750	24.000000	0.000000
0.064800	23.600000	0.547723
0.064850	22.800000	0.447214
0.064900	21.800000	0.447214
0.064950	21.400000	0.547723
0.065000	21.000000	0.000000
0.065050	20.600000	0.547723
0.065100	20.000000	0.000000
0.065150	20.000000	0.707107
0.065200	19.600000	0.547723
0.065250	19.000000	0.000000
0.065300	19.000000	0.000000
0.065350	19.000000	0.000000
0.065400	18.200000	0.447214
0.065450	18.000000	0.000000
0.065500	18.200000	0.447214
0.065550	17.800000	0.447214
0.065600	17.200000	0.447214
0.065650	17.000000	0.000000
0.065700	17.000000	0.000000
0.065750	16.800000	0.447214
0.065800	16.600000	0.547723
0.065850	16.800000	0.447214
0.065900	16.200000	0.447214
0.065950	16.400000	0.547723
0.066000	16.000000	0.000000
0.066050	16.000000	0.707107
0.066100	16.000000	0.000000
0.066150	15.400000	0.547723
0.066200	15.800000	0.447214
0.066250	15.000000	0.000000
0.066300	15.000000	0.000000
0.066350	15.200000	0.447214
0.066400	15.000000	0.000000
0.066450	15.200000	0.447214
0.066500	15.400000	0.547723
0.066550	15.800000	0.447214
0.066600	15.600000	0.547723
0.066650	15.200000	0.447214
0.066700	15.800000	0.447214
0.066750	15.600000	0.547723
0.066800	16.200000	0.447214
0.066850	15.800000	0.447214
0.066900	16.200000	0.447214
0.066950	15.800000	0.447214
0.067000	16.000000	0.000000
0.067050	16.000000	0.000000
0.067100	16.000000	0.000000
0.067150	16.400000	0.547723
0.067200	16.200000	0.447214
0.067250	16.400000	0.547723
0.067300	16.200000	0.447214
0.067350	17.000000	0.000000
0.067400	16.600000	0.547723
0.067450	17.000000	0.000000
0.067500	17.000000	0.000000
0.067550	17.200000	0.447214
0.067600	17.200000	0.447214
0.067650	17.200000	0.447214
0.067700	17.200000	0.447214
0.067750	17.800000	0.447214
0.067800	17.400000	0.547723
0.067850	17.800000	0.447214
0.067900	18.000000	0.000000
0.067950	18.000000	0.000000
0.068000	18.000000	0.000000
0.068050	17.800000	0.447214
0.068100	18.200000	0.447214
0.068150	18.200000	0.447214
0.068200	18.200000	0.447214
0.068250	18.400000	0.547723
0.068300	18.200000	0.447214
0.068350	19.000000	0.000000
0.068400	18.800000	0.447214
0.068450	19.000000	0.000000
0.068500	19.000000	0.000000
0.068550	19.000000	0.000000
0.068600	19.000000	0.000000
0.068650	19.000000	0.000000
0.068700	19.000000	0.000000
0.068750	19.200000	0.447214
0.068800	18.800000	0.447214
0.068850	19.000000	0.000000
0.068900	19.200000	0.447214
0.068950	19.200000	0.447214
0.069000	19.000000	0.000000
0.069050	19.200000	0.447214
0.069100	19.200000	0.447214
0.069150	18.800000	0.447214
0.069200	19.200000	0.447214
0.069250	19.000000	0.000000
0.069300	19.200000	0.447214
0.069350	19.000000	0.000000
0.069400	19.000000	0.707107
0.069450	19.200000	0.447214
0.069500	19.000000	0.000000
0.069550	19.000000	0.000000
0.069600	19.000000	0.000000
0.069650	19.000000	0.000000
0.069700	19.000000	0.000000
0.069750	19.000000	0.000000
0.069800	19.000000	0.000000
0.069850	19.000000	0.000000
0.069900	18.800000	0.447214
0.069950	18.200000	0.447214
0.070000	18.200000	0.447214
0.070050	18.400000	0.547723
0.070100	18.400000	0.547723
0.070150	18.200000	0.447214
0.070200	18.000000	0.000000
0.070250	18.000000	0.707107
0.070300	18.000000	0.000000
0.070350	18.000000	0.000000
0.070400	18.000000	0.000000
0.070450	17.000000	0.000000
0.070500	17.400000	0.547723
0.070550	17.200000	0.447214
0.070600	17.200000	0.447214
0.070650	17.000000	0.000000
0.070700	17.000000	0.000000
0.070750	16.600000	0.547723
0.070800	16.800000	0.447214
0.070850	16.200000	0.447214
0.070900	16.000000	0.000000
0.070950	15.800000	0.447214
0.071000	16.000000	0.000000
0.071050	15.400000	0.547723
0.071100	15.800000	0.447214
0.071150	15.600000	0.547723
0.071200	15.000000	0.000000
0.071250	15.000000	0.000000
0.071300	15.000000	0.000000
0.071350	14.800000	0.447214
0.071400	14.800000	0.447214
0.071450	14.400000	0.547723
0.071500	14.000000	0.000000
0.071550	14.000000	0.000000
0.071600	13.800000	0.447214
0.071650	14.000000	0.000000
0.071700	13.200000	0.447214
0.071750	13.400000	0.547723
0.071800	13.000000	0.000000
0.071850	12.800000	0.447214
0.071900	13.000000	0.000000
0.071950	12.200000	0.447214
0.072000	12.200000	0.447214
0.072050	12.200000	0.447214
0.072100	12.000000	0.000000
0.072150	12.000000	0.000000
0.072200	12.000000	0.000000
0.072250	11.000000	0.000000
0.072300	11.400000	0.547723
0.072350	11.200000	0.447214
0.072400	11.200000	0.447214
0.072450	10.600000	0.547723
0.072500	10.600000	0.547723
0.072550	10.000000	0.000000
0.072600	10.400000	0.547723
0.072650	10.000000	0.000000
0.072700	10.000000	0.000000
0.072750	10.000000	0.000000
0.072800	10.000000	0.000000
0.072850	9.600000	0.547723
0.072900	9.000000	0.000000
0.072950	9.000000	0.707107
0.073000	9.000000	0.000000
0.073050	9.000000	0.000000
0.073100	8.800000	0.447214
0.073150	8.800000	0.447214
0.073200	8.200000	0.836660
0.073250	8.000000	0.000000
0.073300	8.000000	0.000000
0.073350	8.000000	0.000000
0.073400	8.000000	0.000000
0.073450	8.000000	0.000000
0.073500	8.000000	0.000000
0.073550	7.400000	0.894427
0.073600	7.800000	0.447214
0.073650	7.400000	0.547723
0.073700	7.600000	0.547723
0.073750	7.000000	0.000000
0.073800	7.000000	0.000000
0.073850	7.200000	0.447214
0.073900	7.000000	0.000000
0.073950	7.000000	0.000000
0.074000	7.000000	0.000000
0.074050	7.000000	0.000000
0.074100	7.000000	0.000000
0.074150	7.000000	0.000000
0.074200	7.000000	0.000000
0.074250	7.000000	0.000000
0.074300	6.800000	0.447214
0.074350	7.000000	0.000000
0.074400	6.800000	0.447214
0.074450	6.800000	0.447214
0.074500	7.000000	0.000000
0.074550	6.400000	0.547723
0.074600	7.000000	0.000000
0.074650	6.600000	0.547723
0.074700	6.800000	0.447214
0.074750	7.000000	0.000000
0.074800	6.600000	0.547723
0.074850	6.600000	0.547723
0.074900	6.600000	0.547723
0.074950	6.400000	0.547723
0.075000	6.200000	0.447214
0.075050	7.000000	0.000000
0.075100	6.600000	0.547723
0.075150	7.000000	0.000000
0.075200	6.200000	0.447214
0.075250	7.000000	0.000000
0.075300	6.600000	0.547723
0.075350	7.000000	0.000000
0.075400	6.400000	0.547723
0.075450	7.000000	0.000000
0.075500	6.800000	0.447214
0.075550	7.000000	0.000000
0.075600	7.000000	0.000000
0.075650	7.000000	0.000000
0.075700	7.000000	0.000000
0.075750	7.000000	0.000000
0.075800	7.000000	0.000000
0.075850	7.000000	0.000000
0.075900	7.400000	0.547723
0.075950	7.400000	0.547723
0.076000	6.800000	0.447214
0.076050	7.600000	0.547723
0.076100	7.400000	0.547723
0.076150	7.800000	0.447214
0.076200	7.400000	0.547723
0.076250	7.600000	0.547723
0.076300	7.800000	0.447214
0.076350	7.800000	0.447214
0.076400	8.000000	0.000000
0.076450	8.000000	0.000000
0.076500	8.000000	0.000000
0.076550	8.000000	0.000000
0.076600	8.000000	0.000000
0.076650	8.000000	0.000000
0.076700	8.000000	0.000000
0.076750	8.200000	0.447214
0.076800	8.000000	0.000000
0.076850	8.200000	0.447214
0.076900	8.200000	0.447214
0.076950	8.800000	0.447214
0.077000	8.600000	0.547723
0.077050	9.000000	0.000000
0.077100	9.000000	0.000000
0.077150	9.000000	0.000000
0.077200	9.000000	0.000000
0.077250	9.000000	0.000000
0.077300	9.000000	0.000000
0.077350	9.000000	0.000000
0.077400	9.200000	0.447214
0.077450	9.200000	0.447214
0.077500	9.000000	0.000000
0.077550	9.400000	0.547723
0.077600	9.400000	0.547723
0.077650	9.800000	0.447214
0.077700	9.600000	0.547723
0.077750	9.800000	0.447214
0.077800	9.400000	0.547723
0.077850	10.000000	0.000000
0.077900	9.600000	0.547723
0.077950	9.800000	0.447214
0.078000	10.000000	0.000000
0.078050	10.000000	0.000000
0.078100	10.000000	0.000000
0.078150	10.000000	0.000000
0.078200	10.000000	0.000000
0.078250	10.000000	0.000000
0.078300	10.000000	0.000000
0.078350	10.000000	0.000000
0.078400	10.000000	0.000000
0.078450	10.000000	0.000000
0.078500	10.000000	0.000000
0.078550	9.800000	0.447214
0.078600	10.200000	0.447214
0.078650	10.000000	0.000000
0.078700	10.000000	0.000000
0.078750	10.000000	0.000000
0.078800	10.000000	0.707107
0.078850	10.000000	0.000000
0.078900	10.000000	0.000000
0.078950	10.000000	0.000000
0.079000	10.000000	0.000000
0.079050	9.800000	0.447214
0.079100	10.000000	0.000000
0.079150	10.000000	0.000000
0.079200	10.000000	0.000000
0.079250	10.000000	0.000000
0.079300	10.000000	0.000000
0.079350	10.000000	0.000000
0.079400	10.200000	0.447214
0.079450	9.800000	0.447214
0.079500	9.800000	0.447214
0.079550	10.000000	0.000000
0.079600	9.800000	0.447214
0.079650	9.600000	0.547723
0.079700	9.800000	0.447214
0.079750	9.400000	0.547723
0.079800	9.200000	0.447214
0.079850	9.200000	0.447214
0.079900	9.200000	0.447214
0.079950	9.600000	0.547723
0.080000	9.000000	0.000000
0.080050	9.000000	0.000000
0.080100	9.000000	0.000000
0.080150	9.000000	0.000000
0.080200	9.000000	0.000000
0.080250	8.800000	0.447214
0.080300	9.000000	0.000000
0.080350	9.000000	0.000000
0.080400	8.800000	0.447214
0.080450	8.600000	0.547723
0.080500	8.400000	0.547723
0.080550	8.200000	0.447214
0.080600	8.400000	0.547723
0.080650	8.000000	0.000000
0.080700	8.000000	0.000000
0.080750	8.000000	0.000000
0.080800	8.400000	0.547723
0.080850	8.000000	0.000000
0.080900	8.000000	0.000000
0.080950	7.400000	0.547723
0.081000	7.600000	0.547723
0.081050	8.000000	0.000000
0.081100	7.600000	0.547723
0.081150	7.000000	0.000000
0.081200	7.200000	0.447214
0.081250	7.000000	0.000000
0.081300	7.000000	0.000000
0.081350	7.000000	0.000000
0.081400	7.000000	0.000000
0.081450	7.000000	0.000000
0.081500	7.000000	0.000000
0.081550	6.400000	0.547723
0.081600	6.400000	0.547723
0.081650	6.000000	0.000000
0.081700	6.400000	0.547723
0.081750	6.000000	0.000000
0.081800	6.000000	0.000000
0.081850	6.000000	0.000000
0.081900	6.000000	0.000000
0.081950	6.000000	0.000000
0.082000	6.000000	0.000000
0.082050	6.000000	0.000000
0.082100	5.600000	0.547723
0.082150	5.600000	0.547723
0.082200	5.600000	0.547723
0.082250	5.000000	0.000000
0.082300	5.200000	0.447214
0.082350	5.000000	0.000000
0.082400	5.000000	0.000000
0.082450	5.000000	0.707107
0.082500	5.000000	0.000000
0.082550	5.000000	0.000000
0.082600	5.000000	0.000000
0.082650	5.000000	0.000000
0.082700	4.400000	0.547723
0.082750	5.000000	0.000000
0.082800	4.200000	0.447214
0.082850	4.200000	0.447214
0.082900	4.400000	0.547723
0.082950	4.200000	0.447214
0.083000	4.000000	0.000000
0.083050	4.000000	0.000000
0.083100	4.000000	0.000000
0.083150	4.000000	0.000000
0.083200	4.000000	0.000000
0.083250	4.000000	0.000000
0.083300	4.000000	0.000000
0.083350	4.000000	0.000000
0.083400	4.000000	0.000000
0.083450	4.000000	0.000000
0.083500	4.000000	0.000000
0.083550	3.800000	0.447214
0.083600	4.000000	0.000000
0.083650	4.000000	0.000000
0.083700	4.000000	0.000000
0.083750	4.000000	0.000000
0.083800	3.800000	0.447214
0.083850	3.800000	0.447214
0.083900	4.000000	0.000000
0.083950	3.600000	0.547723
0.084000	4.000000	0.000000
0.084050	4.000000	0.000000
0.084100	4.000000	0.000000
0.084150	3.600000	0.547723
0.084200	3.600000	0.547723
0.084250	3.800000	0.447214
0.084300	4.000000	0.000000
0.084350	3.600000	0.547723
0.084400	3.600000	0.547723
0.084450	4.000000	0.000000
0.084500	4.000000	0.000000
0.084550	4.000000	0.000000
0.084600	3.400000	0.547723
0.084650	4.000000	0.000000
0.084700	3.400000	0.547723
0.084750	4.000000	0.000000
0.084800	4.000000	0.000000
0.084850	3.800000	0.447214
0.084900	4.000000	0.000000
0.084950	4.000000	0.000000
0.085000	4.000000	0.000000
0.085050	4.000000	0.000000
0.085100	4.000000	0.000000
0.085150	4.000000	0.000000
0.085200	4.000000	0.000000
0.085250	4.000000	0.000000
0.085300	4.000000	0.000000
0.085350	4.000000	0.000000
0.085400	4.000000	0.000000
0.085450	4.200000	0.447214
0.085500	3.600000	0.547723
0.085550	4.000000	0.000000
0.085600	4.000000	0.000000
0.085650	4.600000	0.547723
0.085700	4.000000	0.000000
0.085750	4.800000	0.836660
0.085800	4.000000	0.000000
0.085850	4.200000	0.447214
0.085900	4.800000	0.447214
0.085950	4.600000	0.547723
0.086000	4.200000	0.447214
0.086050	4.800000	0.447214
0.086100	5.200000	0.447214
0.086150	5.000000	0.000000
0.086200	5.000000	0.000000
0.086250	5.000000	0.000000
0.086300	5.000000	0.000000
0.086350	5.000000	0.000000
0.086400	5.200000	0.447214
0.086450	5.000000	0.000000
0.086500	5.200000	0.447214
0.086550	5.400000	0.547723
0.086600	5.000000	0.000000
0.086650	5.000000	0.000000
0.086700	5.600000	0.547723
0.086750	5.000000	0.000000
0.086800	5.600000	0.547723
0.086850	5.800000	0.447214
0.086900	5.200000	0.447214
0.086950	6.000000	0.000000
0.087000	5.600000	0.547723
0.087050	6.000000	0.000000
0.087100	6.000000	0.000000
0.087150	6.000000	0.000000
0.087200	5.800000	0.447214
0.087250	6.000000	0.000000
0.087300	6.000000	0.000000
0.087350	5.800000	0.447214
0.087400	6.200000	0.447214
0.087450	6.000000	0.000000
0.087500	6.000000	0.000000
0.087550	6.000000	0.000000
0.087600	6.000000	0.000000
0.087650	6.000000	0.000000
0.087700	6.000000	0.000000
0.087750	6.000000	0.000000
0.087800	6.000000	0.000000
0.087850	6.000000	0.000000
0.087900	6.000000	0.000000
0.087950	6.000000	0.000000
0.088000	6.000000	0.000000
0.088050	6.200000	0.447214
0.088100	6.000000	0.000000
0.088150	6.800000	0.447214
0.088200	6.200000	0.447214
0.088250	6.400000	0.547723
0.088300	6.000000	0.000000
0.088350	6.200000	0.447214
0.088400	6.400000	0.547723
0.088450	6.600000	0.547723
0.088500	6.000000	0.000000
0.088550	6.400000	0.547723
0.088600	6.200000	0.447214
0.088650	6.200000	0.447214
0.088700	6.200000	0.447214
0.088750	6.000000	0.000000
0.088800	6.600000	0.547723
0.088850	6.400000	0.547723
0.088900	6.200000	0.447214
0.088950	6.200000	0.447214
0.089000	6.200000	0.447214
0.089050	6.000000	0.707107
0.089100	6.400000	0.547723
0.089150	6.000000	0.000000
0.089200	6.400000	0.547723
0.089250	6.000000	0.000000
0.089300	6.200000	0.447214
0.089350	6.200000	0.447214
0.089400	6.000000	0.000000
0.089450	6.200000	0.447214
0.089500	6.000000	0.000000
0.089550	6.000000	0.000000
0.089600	6.000000	0.000000
0.089650	6.000000	0.707107
0.089700	6.000000	0.000000
0.089750	6.000000	0.000000
0.089800	6.000000	0.000000
0.089850	6.000000	0.000000
0.089900	6.000000	0.000000
0.089950	6.000000	0.000000
0.090000	6.000000	0.000000
0.090050	6.000000	0.000000
0.090100	6.000000	0.000000
0.090150	6.000000	0.000000
0.090200	5.800000	0.447214
0.090250	5.600000	0.547723
0.090300	5.800000	0.447214
0.090350	6.000000	0.000000
0.090400	5.800000	0.447214
0.090450	5.400000	0.547723
0.090500	5.600000	0.547723
0.090550	5.600000	0.547723
0.090600	5.600000	0.547723
0.090650	5.200000	0.447214
0.090700	5.200000	0.447214
0.090750	5.400000	0.547723
0.090800	5.000000	0.000000
0.090850	5.000000	0.000000
0.090900	5.000000	0.000000
0.090950	5.000000	0.000000
0.091000	4.800000	0.447214
0.091050	5.000000	0.000000
0.091100	4.800000	0.447214
0.091150	4.800000	0.447214
0.091200	4.800000	0.447214
0.091250	5.000000	0.000000
0.091300	4.800000	0.447214
0.091350	4.600000	0.547723
0.091400	4.800000	0.447214
0.091450	4.400000	0.547723
0.091500	4.600000	0.547723
0.091550	4.400000	0.547723
0.091600	4.400000	0.547723
0.091650	4.600000	0.547723
0.091700	4.200000	0.447214
0.091750	4.000000	0.000000
0.091800	4.000000	0.000000
0.091850	4.000000	0.707107
0.091900	4.000000	0.000000
0.091950	4.000000	0.000000
0.092000	4.000000	0.000000
0.092050	4.000000	0.000000
0.092100	4.200000	0.447214
0.092150	4.000000	0.000000
0.092200	4.000000	0.000000
0.092250	4.000000	0.000000
0.092300	4.000000	0.000000
0.092350	4.000000	0.000000
0.092400	4.000000	0.000000
0.092450	4.000000	0.000000
0.092500	4.000000	0.000000
0.092550	3.800000	0.447214
0.092600	3.800000	0.447214
0.092650	4.000000	0.000000
0.092700	3.400000	0.547723
0.092750	3.600000	0.547723
0.092800	3.800000	0.447214
0.092850	3.800000	0.447214
0.092900	3.600000	0.547723
0.092950	3.000000	0.707107
0.093000	4.000000	0.000000
0.093050	3.400000	0.547723
0.093100	3.200000	0.447214
0.093150	3.000000	0.000000
0.093200	3.800000	0.447214
0.093250	3.600000	0.547723
0.093300	3.000000	0.707107
0.093350	3.000000	0.000000
0.093400	3.200000	0.447214
0.093450	3.400000	0.547723
0.093500	3.400000	0.547723
0.093550	3.000000	0.000000
0.093600	3.000000	0.000000
0.093650	3.000000	0.000000
0.093700	3.200000	0.447214
0.093750	3.000000	0.000000
0.093800	3.200000	0.447214
0.093850	3.000000	0.000000
0.093900	3.000000	0.000000
0.093950	3.200000	0.447214
0.094000	3.200000	0.447214
0.094050	3.000000	0.000000
0.094100	3.000000	0.000000
0.094150	2.800000	0.447214
0.094200	3.200000	0.447214
0.094250	3.000000	0.000000
0.094300	3.200000	0.447214
0.094350	3.200000	0.447214
0.094400	3.000000	0.000000
0.094450	3.200000	0.447214
0.094500	3.400000	0.547723
0.094550	3.200000	0.447214
0.094600	3.000000	0.000000
0.094650	3.000000	0.707107
0.094700	3.600000	0.547723
0.094750	3.400000	0.547723
0.094800	3.400000	0.547723
0.094850	3.200000	0.447214
0.094900	3.600000	0.547723
0.094950	3.800000	0.447214
0.095000	2.800000	0.447214
0.095050	3.800000	0.447214
0.095100	3.600000	0.547723
0.095150	3.600000	0.547723
0.095200	3.800000	0.447214
0.095250	3.800000	0.447214
0.095300	4.000000	0.000000
0.095350	4.000000	0.000000
0.095400	4.000000	0.000000
0.095450	3.800000	0.447214
0.095500	3.800000	0.447214
0.095550	4.000000	0.000000
0.095600	4.000000	0.000000
0.095650	4.000000	0.000000
0.095700	4.000000	0.000000
0.095750	3.800000	0.447214
0.095800	4.000000	0.000000
0.095850	4.000000	0.000000
0.095900	4.000000	0.000000
0.095950	4.000000	0.000000
0.096000	4.000000	0.000000
0.096050	4.000000	0.000000
0.096100	4.000000	0.000000
0.096150	4.000000	0.000000
0.096200	4.200000	0.447214
0.096250	4.200000	0.447214
0.096300	4.200000	0.447214
0.096350	4.200000	0.447214
0.096400	4.400000	0.547723
0.096450	4.000000	0.707107
0.096500	4.400000	0.547723
0.096550	4.000000	0.000000
0.096600	4.000000	0.000000
0.096650	4.200000	0.447214
0.096700	4.200000	0.447214
0.096750	4.400000	0.547723
0.096800	4.600000	0.547723
0.096850	4.600000	0.547723
0.096900	4.200000	0.447214
0.096950	4.200000	0.447214
0.097000	4.000000	0.000000
0.097050	4.200000	0.447214
0.097100	4.600000	0.547723
0.097150	4.200000	0.447214
0.097200	4.400000	0.547723
0.097250	4.600000	0.547723
0.097300	4.400000	0.547723
0.097350	4.800000	0.447214
0.097400	4.400000	0.547723
0.097450	4.800000	0.447214
0.097500	4.200000	0.447214
0.097550	4.800000	0.447214
0.097600	5.000000	0.000000
0.097650	4.800000	0.447214
0.097700	4.600000	0.547723
0.097750	5.000000	0.000000
0.097800	4.600000	0.547723
0.097850	5.000000	0.000000
0.097900	5.000000	0.000000
0.097950	5.200000	0.447214
0.098000	4.800000	0.447214
0.098050	4.800000	0.447214
0.098100	4.800000	0.447214
0.098150	5.000000	0.000000
0.098200	4.800000	0.447214
0.098250	4.800000	0.447214
0.098300	4.400000	0.547723
0.098350	4.600000	0.547723
0.098400	4.400000	0.547723
0.098450	5.200000	0.447214
0.098500	4.400000	0.547723
0.098550	4.800000	0.447214
0.098600	4.400000	0.547723
0.098650	4.600000	0.547723
0.098700	5.000000	0.000000
0.098750	4.800000	0.447214
0.098800	5.000000	0.000000
0.098850	4.600000	0.547723
0.098900	4.400000	0.547723
0.098950	4.600000	0.547723
0.099000	4.800000	0.447214
0.099050	4.200000	0.447214
0.099100	4.800000	0.447214
0.099150	5.000000	0.000000
0.099200	4.600000	0.547723
0.099250	4.600000	0.547723
0.099300	4.800000	0.447214
0.099350	4.400000	0.547723
0.099400	5.000000	0.000000
0.099450	5.000000	0.000000
0.099500	4.400000	0.547723
0.099550	4.600000	0.547723
0.099600	4.600000	0.547723
0.099650	4.400000	0.547723
0.099700	4.400000	0.547723
0.099750	4.600000	0.547723
0.099800	4.000000	0.000000
0.099850	4.600000	0.547723
0.099900	4.200000	0.447214
0.099950	4.000000	0.000000
