0.055000	1.000000	
0.055050	1.000000	
0.055100	1.000000	
0.055150	1.000000	
0.055200	1.000000	
0.055250	1.000000	
0.055300	1.000000	
0.055350	2.000000	
0.055400	2.000000	
0.055450	3.000000	
0.055500	4.000000	
0.055550	5.000000	
0.055600	8.000000	
0.055650	10.000000	
0.055700	13.000000	
0.055750	16.000000	
0.055800	22.000000	
0.055850	27.000000	
0.055900	33.000000	
0.055950	40.000000	
0.056000	48.000000	
0.056050	58.000000	
0.056100	70.000000	
0.056150	83.000000	
0.056200	100.000000	
0.056250	115.000000	
0.056300	135.000000	
0.056350	164.000000	
0.056400	192.000000	
0.056450	226.000000	
0.056500	268.000000	
0.056550	312.000000	
0.056600	355.000000	
0.056650	392.000000	
0.056700	431.000000	
0.056750	459.000000	
0.056800	480.000000	
0.056850	491.000000	
0.056900	494.000000	
0.056950	484.000000	
0.057000	466.000000	
0.057050	439.000000	
0.057100	406.000000	
0.057150	367.000000	
0.057200	321.000000	
0.057250	273.000000	
0.057300	245.000000	
0.057350	215.000000	
0.057400	187.000000	
0.057450	156.000000	
0.057500	137.000000	
0.057550	118.000000	
0.057600	103.000000	
0.057650	86.000000	
0.057700	70.000000	
0.057750	61.000000	
0.057800	49.000000	
0.057850	41.000000	
0.057900	33.000000	
0.057950	28.000000	
0.058000	24.000000	
0.058050	19.000000	
0.058100	15.000000	
0.058150	12.000000	
0.058200	10.000000	
0.058250	9.000000	
0.058300	7.000000	
0.058350	6.000000	
0.058400	5.000000	
0.058450	4.000000	
0.058500	4.000000	
0.058550	3.000000	
0.058600	3.000000	
0.058650	3.000000	
0.058700	2.000000	
0.058750	2.000000	
0.058800	2.000000	
0.058850	1.000000	
0.058900	1.000000	
0.058950	1.000000	