0.055000	2.000000	NaN
0.055050	3.000000	NaN
0.055100	4.000000	NaN
0.055150	4.000000	NaN
0.055200	5.000000	NaN
0.055250	6.000000	NaN
0.055300	8.000000	NaN
0.055350	10.000000	NaN
0.055400	13.000000	NaN
0.055450	18.000000	NaN
0.055500	24.000000	NaN
0.055550	33.000000	NaN
0.055600	42.000000	NaN
0.055650	58.000000	NaN
0.055700	73.000000	NaN
0.055750	88.000000	NaN
0.055800	106.000000	NaN
0.055850	126.000000	NaN
0.055900	145.000000	NaN
0.055950	164.000000	NaN
0.056000	180.000000	NaN
0.056050	197.000000	NaN
0.056100	213.000000	NaN
0.056150	231.000000	NaN
0.056200	247.000000	NaN
0.056250	263.000000	NaN
0.056300	276.000000	NaN
0.056350	288.000000	NaN
0.056400	297.000000	NaN
0.056450	303.000000	NaN
0.056500	308.000000	NaN
0.056550	311.000000	NaN
0.056600	313.000000	NaN
0.056650	313.000000	NaN
0.056700	312.000000	NaN
0.056750	309.000000	NaN
0.056800	305.000000	NaN
0.056850	298.000000	NaN
0.056900	290.000000	NaN
0.056950	281.000000	NaN
0.057000	270.000000	NaN
0.057050	256.000000	NaN
0.057100	240.000000	NaN
0.057150	225.000000	NaN
0.057200	208.000000	NaN
0.057250	189.000000	NaN
0.057300	170.000000	NaN
0.057350	151.000000	NaN
0.057400	135.000000	NaN
0.057450	118.000000	NaN
0.057500	101.000000	NaN
0.057550	83.000000	NaN
0.057600	71.000000	NaN
0.057650	60.000000	NaN
0.057700	50.000000	NaN
0.057750	43.000000	NaN
0.057800	35.000000	NaN
0.057850	28.000000	NaN
0.057900	24.000000	NaN
0.057950	19.000000	NaN
0.058000	15.000000	NaN
0.058050	12.000000	NaN
0.058100	10.000000	NaN
0.058150	8.000000	NaN
0.058200	7.000000	NaN
0.058250	5.000000	NaN
0.058300	4.000000	NaN
0.058350	4.000000	NaN
0.058400	4.000000	NaN
0.058450	3.000000	NaN
0.058500	3.000000	NaN
0.058550	3.000000	NaN
0.058600	3.000000	NaN
0.058650	3.000000	NaN
0.058700	3.000000	NaN
0.058750	3.000000	NaN
0.058800	3.000000	NaN
0.058850	3.000000	NaN
0.058900	2.000000	NaN
0.058950	3.000000	NaN
