0.052000	6.000000	NaN
0.052050	6.000000	NaN
0.052100	7.000000	NaN
0.052150	7.000000	NaN
0.052200	7.000000	NaN
0.052250	7.000000	NaN
0.052300	8.000000	NaN
0.052350	8.000000	NaN
0.052400	8.000000	NaN
0.052450	8.000000	NaN
0.052500	9.000000	NaN
0.052550	9.000000	NaN
0.052600	9.000000	NaN
0.052650	9.000000	NaN
0.052700	9.000000	NaN
0.052750	9.000000	NaN
0.052800	9.000000	NaN
0.052850	9.000000	NaN
0.052900	9.000000	NaN
0.052950	9.000000	NaN
0.053000	10.000000	NaN
0.053050	9.000000	NaN
0.053100	8.000000	NaN
0.053150	8.000000	NaN
0.053200	8.000000	NaN
0.053250	7.000000	NaN
0.053300	7.000000	NaN
0.053350	6.000000	NaN
0.053400	5.000000	NaN
0.053450	4.000000	NaN
0.053500	4.000000	NaN
0.053550	3.000000	NaN
0.053600	2.000000	NaN
0.053650	2.000000	NaN
0.053700	2.000000	NaN
0.053750	2.000000	NaN
0.053800	2.000000	NaN
0.053850	3.000000	NaN
0.053900	4.000000	NaN
0.053950	6.000000	NaN
0.054000	8.000000	NaN
0.054050	12.000000	NaN
0.054100	15.000000	NaN
0.054150	20.000000	NaN
0.054200	23.000000	NaN
0.054250	30.000000	NaN
0.054300	36.000000	NaN
0.054350	43.000000	NaN
0.054400	50.000000	NaN
0.054450	58.000000	NaN
0.054500	66.000000	NaN
0.054550	74.000000	NaN
0.054600	82.000000	NaN
0.054650	91.000000	NaN
0.054700	99.000000	NaN
0.054750	107.000000	NaN
0.054800	115.000000	NaN
0.054850	123.000000	NaN
0.054900	129.000000	NaN
0.054950	134.000000	NaN
0.055000	140.000000	NaN
0.055050	144.000000	NaN
0.055100	146.000000	NaN
0.055150	147.000000	NaN
0.055200	147.000000	NaN
0.055250	146.000000	NaN
0.055300	143.000000	NaN
0.055350	138.000000	NaN
0.055400	132.000000	NaN
0.055450	125.000000	NaN
0.055500	116.000000	NaN
0.055550	107.000000	NaN
0.055600	97.000000	NaN
0.055650	86.000000	NaN
0.055700	76.000000	NaN
0.055750	64.000000	NaN
0.055800	53.000000	NaN
0.055850	42.000000	NaN
0.055900	34.000000	NaN
0.055950	24.000000	NaN
0.056000	17.000000	NaN
0.056050	11.000000	NaN
0.056100	7.000000	NaN
0.056150	4.000000	NaN
0.056200	4.000000	NaN
0.056250	5.000000	NaN
0.056300	9.000000	NaN
0.056350	14.000000	NaN
0.056400	21.000000	NaN
0.056450	31.000000	NaN
0.056500	43.000000	NaN
0.056550	57.000000	NaN
0.056600	73.000000	NaN
0.056650	91.000000	NaN
0.056700	110.000000	NaN
0.056750	131.000000	NaN
0.056800	153.000000	NaN
0.056850	174.000000	NaN
0.056900	196.000000	NaN
0.056950	218.000000	NaN
0.057000	239.000000	NaN
0.057050	258.000000	NaN
0.057100	276.000000	NaN
0.057150	292.000000	NaN
0.057200	305.000000	NaN
0.057250	317.000000	NaN
0.057300	326.000000	NaN
0.057350	333.000000	NaN
0.057400	336.000000	NaN
0.057450	336.000000	NaN
0.057500	334.000000	NaN
0.057550	330.000000	NaN
0.057600	323.000000	NaN
0.057650	313.000000	NaN
0.057700	300.000000	NaN
0.057750	287.000000	NaN
0.057800	271.000000	NaN
0.057850	253.000000	NaN
0.057900	235.000000	NaN
0.057950	215.000000	NaN
0.058000	195.000000	NaN
0.058050	175.000000	NaN
0.058100	154.000000	NaN
0.058150	135.000000	NaN
0.058200	113.000000	NaN
0.058250	94.000000	NaN
0.058300	75.000000	NaN
0.058350	59.000000	NaN
0.058400	44.000000	NaN
0.058450	32.000000	NaN
0.058500	21.000000	NaN
0.058550	14.000000	NaN
0.058600	8.000000	NaN
0.058650	5.000000	NaN
0.058700	4.000000	NaN
0.058750	6.000000	NaN
0.058800	9.000000	NaN
0.058850	14.000000	NaN
0.058900	20.000000	NaN
0.058950	28.000000	NaN
0.059000	37.000000	NaN
0.059050	47.000000	NaN
0.059100	58.000000	NaN
0.059150	68.000000	NaN
0.059200	79.000000	NaN
0.059250	89.000000	NaN
0.059300	98.000000	NaN
0.059350	107.000000	NaN
0.059400	116.000000	NaN
0.059450	123.000000	NaN
0.059500	130.000000	NaN
0.059550	135.000000	NaN
0.059600	139.000000	NaN
0.059650	142.000000	NaN
0.059700	144.000000	NaN
0.059750	144.000000	NaN
0.059800	143.000000	NaN
0.059850	140.000000	NaN
0.059900	137.000000	NaN
0.059950	132.000000	NaN
0.060000	126.000000	NaN
0.060050	119.000000	NaN
0.060100	112.000000	NaN
0.060150	103.000000	NaN
0.060200	96.000000	NaN
0.060250	87.000000	NaN
0.060300	79.000000	NaN
0.060350	70.000000	NaN
0.060400	61.000000	NaN
0.060450	54.000000	NaN
0.060500	46.000000	NaN
0.060550	39.000000	NaN
0.060600	33.000000	NaN
0.060650	27.000000	NaN
0.060700	22.000000	NaN
0.060750	18.000000	NaN
0.060800	14.000000	NaN
0.060850	11.000000	NaN
0.060900	8.000000	NaN
0.060950	6.000000	NaN
0.061000	4.000000	NaN
0.061050	3.000000	NaN
0.061100	2.000000	NaN
0.061150	2.000000	NaN
0.061200	2.000000	NaN
0.061250	2.000000	NaN
0.061300	2.000000	NaN
0.061350	3.000000	NaN
0.061400	4.000000	NaN
0.061450	4.000000	NaN
0.061500	4.000000	NaN
0.061550	5.000000	NaN
0.061600	6.000000	NaN
0.061650	7.000000	NaN
0.061700	7.000000	NaN
0.061750	8.000000	NaN
0.061800	8.000000	NaN
0.061850	7.000000	NaN
0.061900	9.000000	NaN
0.061950	8.000000	NaN
