0.045000	1.000000	NaN
0.045050	1.000000	NaN
0.045100	1.000000	NaN
0.045150	1.000000	NaN
0.045200	2.000000	NaN
0.045250	1.000000	NaN
0.045300	2.000000	NaN
0.045350	2.000000	NaN
0.045400	2.000000	NaN
0.045450	2.000000	NaN
0.045500	2.000000	NaN
0.045550	2.000000	NaN
0.045600	2.000000	NaN
0.045650	2.000000	NaN
0.045700	2.000000	NaN
0.045750	2.000000	NaN
0.045800	1.000000	NaN
0.045850	2.000000	NaN
0.045900	1.000000	NaN
0.045950	2.000000	NaN
0.046000	1.000000	NaN
0.046050	1.000000	NaN
0.046100	1.000000	NaN
0.046150	1.000000	NaN
0.046200	1.000000	NaN
0.046250	1.000000	NaN
0.046300	1.000000	NaN
0.046350	1.000000	NaN
0.046400	1.000000	NaN
0.046450	1.000000	NaN
0.046500	0.000000	NaN
0.046550	1.000000	NaN
0.046600	1.000000	NaN
0.046650	1.000000	NaN
0.046700	0.000000	NaN
0.046750	1.000000	NaN
0.046800	1.000000	NaN
0.046850	1.000000	NaN
0.046900	2.000000	NaN
0.046950	2.000000	NaN
0.047000	2.000000	NaN
0.047050	2.000000	NaN
0.047100	3.000000	NaN
0.047150	3.000000	NaN
0.047200	3.000000	NaN
0.047250	4.000000	NaN
0.047300	4.000000	NaN
0.047350	4.000000	NaN
0.047400	4.000000	NaN
0.047450	5.000000	NaN
0.047500	5.000000	NaN
0.047550	5.000000	NaN
0.047600	5.000000	NaN
0.047650	5.000000	NaN
0.047700	5.000000	NaN
0.047750	5.000000	NaN
0.047800	5.000000	NaN
0.047850	5.000000	NaN
0.047900	5.000000	NaN
0.047950	5.000000	NaN
0.048000	5.000000	NaN
0.048050	4.000000	NaN
0.048100	4.000000	NaN
0.048150	4.000000	NaN
0.048200	3.000000	NaN
0.048250	3.000000	NaN
0.048300	3.000000	NaN
0.048350	3.000000	NaN
0.048400	3.000000	NaN
0.048450	3.000000	NaN
0.048500	2.000000	NaN
0.048550	2.000000	NaN
0.048600	2.000000	NaN
0.048650	2.000000	NaN
0.048700	1.000000	NaN
0.048750	1.000000	NaN
0.048800	1.000000	NaN
0.048850	1.000000	NaN
0.048900	1.000000	NaN
0.048950	1.000000	NaN
0.049000	1.000000	NaN
0.049050	1.000000	NaN
0.049100	1.000000	NaN
0.049150	1.000000	NaN
0.049200	1.000000	NaN
0.049250	1.000000	NaN
0.049300	1.000000	NaN
0.049350	1.000000	NaN
0.049400	1.000000	NaN
0.049450	2.000000	NaN
0.049500	1.000000	NaN
0.049550	2.000000	NaN
0.049600	1.000000	NaN
0.049650	2.000000	NaN
0.049700	2.000000	NaN
0.049750	2.000000	NaN
0.049800	2.000000	NaN
0.049850	2.000000	NaN
0.049900	2.000000	NaN
0.049950	2.000000	NaN
0.050000	2.000000	NaN
0.050050	2.000000	NaN
0.050100	2.000000	NaN
0.050150	2.000000	NaN
0.050200	2.000000	NaN
0.050250	2.000000	NaN
0.050300	2.000000	NaN
0.050350	2.000000	NaN
0.050400	2.000000	NaN
0.050450	2.000000	NaN
0.050500	2.000000	NaN
0.050550	1.000000	NaN
0.050600	1.000000	NaN
0.050650	1.000000	NaN
0.050700	1.000000	NaN
0.050750	1.000000	NaN
0.050800	1.000000	NaN
0.050850	1.000000	NaN
0.050900	1.000000	NaN
0.050950	1.000000	NaN
0.051000	2.000000	NaN
0.051050	2.000000	NaN
0.051100	1.000000	NaN
0.051150	1.000000	NaN
0.051200	1.000000	NaN
0.051250	1.000000	NaN
0.051300	1.000000	NaN
0.051350	1.000000	NaN
0.051400	1.000000	NaN
0.051450	1.000000	NaN
0.051500	1.000000	NaN
0.051550	1.000000	NaN
0.051600	1.000000	NaN
0.051650	1.000000	NaN
0.051700	1.000000	NaN
0.051750	1.000000	NaN
0.051800	1.000000	NaN
0.051850	2.000000	NaN
0.051900	2.000000	NaN
0.051950	3.000000	NaN
0.052000	3.000000	NaN
0.052050	3.000000	NaN
0.052100	4.000000	NaN
0.052150	4.000000	NaN
0.052200	5.000000	NaN
0.052250	6.000000	NaN
0.052300	7.000000	NaN
0.052350	8.000000	NaN
0.052400	8.000000	NaN
0.052450	9.000000	NaN
0.052500	10.000000	NaN
0.052550	11.000000	NaN
0.052600	12.000000	NaN
0.052650	12.000000	NaN
0.052700	12.000000	NaN
0.052750	14.000000	NaN
0.052800	14.000000	NaN
0.052850	14.000000	NaN
0.052900	15.000000	NaN
0.052950	15.000000	NaN
0.053000	14.000000	NaN
0.053050	14.000000	NaN
0.053100	14.000000	NaN
0.053150	14.000000	NaN
0.053200	13.000000	NaN
0.053250	13.000000	NaN
0.053300	12.000000	NaN
0.053350	11.000000	NaN
0.053400	10.000000	NaN
0.053450	9.000000	NaN
0.053500	8.000000	NaN
0.053550	7.000000	NaN
0.053600	6.000000	NaN
0.053650	5.000000	NaN
0.053700	4.000000	NaN
0.053750	3.000000	NaN
0.053800	3.000000	NaN
0.053850	2.000000	NaN
0.053900	2.000000	NaN
0.053950	2.000000	NaN
0.054000	3.000000	NaN
0.054050	4.000000	NaN
0.054100	5.000000	NaN
0.054150	6.000000	NaN
0.054200	8.000000	NaN
0.054250	10.000000	NaN
0.054300	12.000000	NaN
0.054350	15.000000	NaN
0.054400	18.000000	NaN
0.054450	21.000000	NaN
0.054500	25.000000	NaN
0.054550	28.000000	NaN
0.054600	31.000000	NaN
0.054650	35.000000	NaN
0.054700	39.000000	NaN
0.054750	42.000000	NaN
0.054800	46.000000	NaN
0.054850	50.000000	NaN
0.054900	53.000000	NaN
0.054950	56.000000	NaN
0.055000	59.000000	NaN
0.055050	61.000000	NaN
0.055100	63.000000	NaN
0.055150	65.000000	NaN
0.055200	66.000000	NaN
0.055250	67.000000	NaN
0.055300	67.000000	NaN
0.055350	66.000000	NaN
0.055400	65.000000	NaN
0.055450	63.000000	NaN
0.055500	61.000000	NaN
0.055550	58.000000	NaN
0.055600	53.000000	NaN
0.055650	51.000000	NaN
0.055700	47.000000	NaN
0.055750	43.000000	NaN
0.055800	38.000000	NaN
0.055850	34.000000	NaN
0.055900	30.000000	NaN
0.055950	26.000000	NaN
0.056000	22.000000	NaN
0.056050	18.000000	NaN
0.056100	14.000000	NaN
0.056150	11.000000	NaN
0.056200	9.000000	NaN
0.056250	6.000000	NaN
0.056300	5.000000	NaN
0.056350	4.000000	NaN
0.056400	3.000000	NaN
0.056450	4.000000	NaN
0.056500	4.000000	NaN
0.056550	6.000000	NaN
0.056600	8.000000	NaN
0.056650	12.000000	NaN
0.056700	15.000000	NaN
0.056750	20.000000	NaN
0.056800	24.000000	NaN
0.056850	31.000000	NaN
0.056900	36.000000	NaN
0.056950	42.000000	NaN
0.057000	49.000000	NaN
0.057050	55.000000	NaN
0.057100	61.000000	NaN
0.057150	68.000000	NaN
0.057200	73.000000	NaN
0.057250	79.000000	NaN
0.057300	84.000000	NaN
0.057350	89.000000	NaN
0.057400	93.000000	NaN
0.057450	96.000000	NaN
0.057500	99.000000	NaN
0.057550	101.000000	NaN
0.057600	102.000000	NaN
0.057650	102.000000	NaN
0.057700	102.000000	NaN
0.057750	102.000000	NaN
0.057800	99.000000	NaN
0.057850	96.000000	NaN
0.057900	93.000000	NaN
0.057950	89.000000	NaN
0.058000	85.000000	NaN
0.058050	80.000000	NaN
0.058100	75.000000	NaN
0.058150	69.000000	NaN
0.058200	63.000000	NaN
0.058250	56.000000	NaN
0.058300	50.000000	NaN
0.058350	43.000000	NaN
0.058400	37.000000	NaN
0.058450	31.000000	NaN
0.058500	26.000000	NaN
0.058550	20.000000	NaN
0.058600	16.000000	NaN
0.058650	12.000000	NaN
0.058700	9.000000	NaN
0.058750	6.000000	NaN
0.058800	5.000000	NaN
0.058850	4.000000	NaN
0.058900	3.000000	NaN
0.058950	3.000000	NaN
0.059000	5.000000	NaN
0.059050	6.000000	NaN
0.059100	9.000000	NaN
0.059150	12.000000	NaN
0.059200	15.000000	NaN
0.059250	18.000000	NaN
0.059300	22.000000	NaN
0.059350	26.000000	NaN
0.059400	31.000000	NaN
0.059450	35.000000	NaN
0.059500	39.000000	NaN
0.059550	43.000000	NaN
0.059600	48.000000	NaN
0.059650	51.000000	NaN
0.059700	55.000000	NaN
0.059750	58.000000	NaN
0.059800	61.000000	NaN
0.059850	64.000000	NaN
0.059900	65.000000	NaN
0.059950	67.000000	NaN
0.060000	68.000000	NaN
0.060050	68.000000	NaN
0.060100	68.000000	NaN
0.060150	66.000000	NaN
0.060200	65.000000	NaN
0.060250	63.000000	NaN
0.060300	61.000000	NaN
0.060350	57.000000	NaN
0.060400	55.000000	NaN
0.060450	51.000000	NaN
0.060500	48.000000	NaN
0.060550	43.000000	NaN
0.060600	39.000000	NaN
0.060650	36.000000	NaN
0.060700	31.000000	NaN
0.060750	28.000000	NaN
0.060800	24.000000	NaN
0.060850	21.000000	NaN
0.060900	17.000000	NaN
0.060950	15.000000	NaN
0.061000	13.000000	NaN
0.061050	10.000000	NaN
0.061100	8.000000	NaN
0.061150	6.000000	NaN
0.061200	5.000000	NaN
0.061250	3.000000	NaN
0.061300	3.000000	NaN
0.061350	2.000000	NaN
0.061400	2.000000	NaN
0.061450	2.000000	NaN
0.061500	2.000000	NaN
0.061550	3.000000	NaN
0.061600	4.000000	NaN
0.061650	4.000000	NaN
0.061700	5.000000	NaN
0.061750	7.000000	NaN
0.061800	6.000000	NaN
0.061850	9.000000	NaN
0.061900	9.000000	NaN
0.061950	11.000000	NaN
0.062000	12.000000	NaN
0.062050	13.000000	NaN
0.062100	14.000000	NaN
0.062150	14.000000	NaN
0.062200	15.000000	NaN
0.062250	15.000000	NaN
0.062300	15.000000	NaN
0.062350	15.000000	NaN
0.062400	15.000000	NaN
0.062450	15.000000	NaN
0.062500	15.000000	NaN
0.062550	14.000000	NaN
0.062600	14.000000	NaN
0.062650	13.000000	NaN
0.062700	13.000000	NaN
0.062750	12.000000	NaN
0.062800	11.000000	NaN
0.062850	10.000000	NaN
0.062900	10.000000	NaN
0.062950	8.000000	NaN
0.063000	8.000000	NaN
0.063050	7.000000	NaN
0.063100	6.000000	NaN
0.063150	5.000000	NaN
0.063200	5.000000	NaN
0.063250	4.000000	NaN
0.063300	3.000000	NaN
0.063350	3.000000	NaN
0.063400	3.000000	NaN
0.063450	2.000000	NaN
0.063500	2.000000	NaN
0.063550	2.000000	NaN
0.063600	1.000000	NaN
0.063650	1.000000	NaN
0.063700	1.000000	NaN
0.063750	1.000000	NaN
0.063800	1.000000	NaN
0.063850	1.000000	NaN
0.063900	1.000000	NaN
0.063950	1.000000	NaN
0.064000	1.000000	NaN
0.064050	1.000000	NaN
0.064100	1.000000	NaN
0.064150	1.000000	NaN
0.064200	1.000000	NaN
0.064250	1.000000	NaN
0.064300	1.000000	NaN
0.064350	1.000000	NaN
0.064400	1.000000	NaN
0.064450	2.000000	NaN
0.064500	2.000000	NaN
0.064550	1.000000	NaN
0.064600	2.000000	NaN
0.064650	2.000000	NaN
0.064700	2.000000	NaN
0.064750	2.000000	NaN
0.064800	2.000000	NaN
0.064850	2.000000	NaN
0.064900	2.000000	NaN
0.064950	2.000000	NaN
0.065000	2.000000	NaN
0.065050	3.000000	NaN
0.065100	2.000000	NaN
0.065150	2.000000	NaN
0.065200	3.000000	NaN
0.065250	2.000000	NaN
0.065300	3.000000	NaN
0.065350	2.000000	NaN
0.065400	2.000000	NaN
0.065450	2.000000	NaN
0.065500	2.000000	NaN
0.065550	2.000000	NaN
0.065600	2.000000	NaN
0.065650	2.000000	NaN
0.065700	2.000000	NaN
0.065750	2.000000	NaN
0.065800	2.000000	NaN
0.065850	1.000000	NaN
0.065900	1.000000	NaN
0.065950	1.000000	NaN
0.066000	1.000000	NaN
0.066050	1.000000	NaN
0.066100	1.000000	NaN
0.066150	2.000000	NaN
0.066200	1.000000	NaN
0.066250	1.000000	NaN
0.066300	1.000000	NaN
0.066350	1.000000	NaN
0.066400	1.000000	NaN
0.066450	1.000000	NaN
0.066500	1.000000	NaN
0.066550	1.000000	NaN
0.066600	1.000000	NaN
0.066650	1.000000	NaN
0.066700	2.000000	NaN
0.066750	2.000000	NaN
0.066800	2.000000	NaN
0.066850	3.000000	NaN
0.066900	3.000000	NaN
0.066950	3.000000	NaN
0.067000	4.000000	NaN
0.067050	4.000000	NaN
0.067100	4.000000	NaN
0.067150	5.000000	NaN
0.067200	5.000000	NaN
0.067250	5.000000	NaN
0.067300	6.000000	NaN
0.067350	5.000000	NaN
0.067400	6.000000	NaN
0.067450	6.000000	NaN
0.067500	6.000000	NaN
0.067550	6.000000	NaN
0.067600	6.000000	NaN
0.067650	6.000000	NaN
0.067700	6.000000	NaN
0.067750	6.000000	NaN
0.067800	6.000000	NaN
0.067850	5.000000	NaN
0.067900	5.000000	NaN
0.067950	4.000000	NaN
0.068000	4.000000	NaN
0.068050	4.000000	NaN
0.068100	4.000000	NaN
0.068150	3.000000	NaN
0.068200	3.000000	NaN
0.068250	3.000000	NaN
0.068300	2.000000	NaN
0.068350	2.000000	NaN
0.068400	2.000000	NaN
0.068450	1.000000	NaN
0.068500	1.000000	NaN
0.068550	1.000000	NaN
0.068600	1.000000	NaN
0.068650	1.000000	NaN
0.068700	1.000000	NaN
0.068750	1.000000	NaN
0.068800	1.000000	NaN
0.068850	0.000000	NaN
0.068900	0.000000	NaN
0.068950	0.000000	NaN
0.069000	1.000000	NaN
0.069050	1.000000	NaN
0.069100	1.000000	NaN
0.069150	1.000000	NaN
0.069200	1.000000	NaN
0.069250	0.000000	NaN
0.069300	1.000000	NaN
0.069350	2.000000	NaN
0.069400	2.000000	NaN
0.069450	2.000000	NaN
0.069500	2.000000	NaN
0.069550	2.000000	NaN
0.069600	2.000000	NaN
0.069650	2.000000	NaN
0.069700	2.000000	NaN
0.069750	2.000000	NaN
0.069800	2.000000	NaN
0.069850	2.000000	NaN
0.069900	2.000000	NaN
0.069950	2.000000	NaN
