0.045000	1.000000	NaN
0.045050	1.000000	NaN
0.045100	1.000000	NaN
0.045150	2.000000	NaN
0.045200	2.000000	NaN
0.045250	2.000000	NaN
0.045300	3.000000	NaN
0.045350	3.000000	NaN
0.045400	4.000000	NaN
0.045450	4.000000	NaN
0.045500	4.000000	NaN
0.045550	5.000000	NaN
0.045600	4.000000	NaN
0.045650	4.000000	NaN
0.045700	4.000000	NaN
0.045750	4.000000	NaN
0.045800	4.000000	NaN
0.045850	3.000000	NaN
0.045900	3.000000	NaN
0.045950	3.000000	NaN
0.046000	2.000000	NaN
0.046050	2.000000	NaN
0.046100	2.000000	NaN
0.046150	1.000000	NaN
0.046200	1.000000	NaN
0.046250	1.000000	NaN
0.046300	1.000000	NaN
0.046350	0.000000	NaN
0.046400	1.000000	NaN
0.046450	1.000000	NaN
0.046500	2.000000	NaN
0.046550	1.000000	NaN
0.046600	2.000000	NaN
0.046650	2.000000	NaN
0.046700	3.000000	NaN
0.046750	3.000000	NaN
0.046800	3.000000	NaN
0.046850	3.000000	NaN
0.046900	4.000000	NaN
0.046950	4.000000	NaN
0.047000	4.000000	NaN
0.047050	4.000000	NaN
0.047100	4.000000	NaN
0.047150	4.000000	NaN
0.047200	4.000000	NaN
0.047250	3.000000	NaN
0.047300	3.000000	NaN
0.047350	3.000000	NaN
0.047400	3.000000	NaN
0.047450	2.000000	NaN
0.047500	3.000000	NaN
0.047550	2.000000	NaN
0.047600	2.000000	NaN
0.047650	2.000000	NaN
0.047700	1.000000	NaN
0.047750	1.000000	NaN
0.047800	2.000000	NaN
0.047850	1.000000	NaN
0.047900	1.000000	NaN
0.047950	1.000000	NaN
0.048000	0.000000	NaN
0.048050	1.000000	NaN
0.048100	1.000000	NaN
0.048150	1.000000	NaN
0.048200	2.000000	NaN
0.048250	2.000000	NaN
0.048300	2.000000	NaN
0.048350	2.000000	NaN
0.048400	3.000000	NaN
0.048450	3.000000	NaN
0.048500	3.000000	NaN
0.048550	3.000000	NaN
0.048600	4.000000	NaN
0.048650	3.000000	NaN
0.048700	3.000000	NaN
0.048750	3.000000	NaN
0.048800	3.000000	NaN
0.048850	3.000000	NaN
0.048900	3.000000	NaN
0.048950	3.000000	NaN
0.049000	2.000000	NaN
0.049050	2.000000	NaN
0.049100	2.000000	NaN
0.049150	2.000000	NaN
0.049200	1.000000	NaN
0.049250	0.000000	NaN
0.049300	1.000000	NaN
0.049350	1.000000	NaN
0.049400	1.000000	NaN
0.049450	2.000000	NaN
0.049500	2.000000	NaN
0.049550	3.000000	NaN
0.049600	4.000000	NaN
0.049650	4.000000	NaN
0.049700	5.000000	NaN
0.049750	6.000000	NaN
0.049800	7.000000	NaN
0.049850	8.000000	NaN
0.049900	8.000000	NaN
0.049950	9.000000	NaN
0.050000	10.000000	NaN
0.050050	10.000000	NaN
0.050100	10.000000	NaN
0.050150	10.000000	NaN
0.050200	10.000000	NaN
0.050250	9.000000	NaN
0.050300	9.000000	NaN
0.050350	8.000000	NaN
0.050400	7.000000	NaN
0.050450	6.000000	NaN
0.050500	5.000000	NaN
0.050550	4.000000	NaN
0.050600	3.000000	NaN
0.050650	2.000000	NaN
0.050700	2.000000	NaN
0.050750	2.000000	NaN
0.050800	1.000000	NaN
0.050850	2.000000	NaN
0.050900	2.000000	NaN
0.050950	2.000000	NaN
0.051000	3.000000	NaN
0.051050	4.000000	NaN
0.051100	4.000000	NaN
0.051150	5.000000	NaN
0.051200	6.000000	NaN
0.051250	7.000000	NaN
0.051300	8.000000	NaN
0.051350	8.000000	NaN
0.051400	9.000000	NaN
0.051450	10.000000	NaN
0.051500	10.000000	NaN
0.051550	10.000000	NaN
0.051600	9.000000	NaN
0.051650	9.000000	NaN
0.051700	9.000000	NaN
0.051750	8.000000	NaN
0.051800	7.000000	NaN
0.051850	7.000000	NaN
0.051900	6.000000	NaN
0.051950	5.000000	NaN
0.052000	5.000000	NaN
0.052050	4.000000	NaN
0.052100	3.000000	NaN
0.052150	3.000000	NaN
0.052200	2.000000	NaN
0.052250	2.000000	NaN
0.052300	2.000000	NaN
0.052350	1.000000	NaN
0.052400	1.000000	NaN
0.052450	1.000000	NaN
0.052500	1.000000	NaN
0.052550	0.000000	NaN
0.052600	2.000000	NaN
0.052650	1.000000	NaN
0.052700	2.000000	NaN
0.052750	3.000000	NaN
0.052800	4.000000	NaN
0.052850	3.000000	NaN
0.052900	4.000000	NaN
0.052950	5.000000	NaN
0.053000	5.000000	NaN
0.053050	6.000000	NaN
0.053100	6.000000	NaN
0.053150	7.000000	NaN
0.053200	7.000000	NaN
0.053250	8.000000	NaN
0.053300	8.000000	NaN
0.053350	7.000000	NaN
0.053400	7.000000	NaN
0.053450	7.000000	NaN
0.053500	6.000000	NaN
0.053550	5.000000	NaN
0.053600	4.000000	NaN
0.053650	4.000000	NaN
0.053700	4.000000	NaN
0.053750	4.000000	NaN
0.053800	4.000000	NaN
0.053850	5.000000	NaN
0.053900	7.000000	NaN
0.053950	9.000000	NaN
0.054000	13.000000	NaN
0.054050	17.000000	NaN
0.054100	22.000000	NaN
0.054150	27.000000	NaN
0.054200	33.000000	NaN
0.054250	39.000000	NaN
0.054300	45.000000	NaN
0.054350	51.000000	NaN
0.054400	56.000000	NaN
0.054450	61.000000	NaN
0.054500	64.000000	NaN
0.054550	66.000000	NaN
0.054600	67.000000	NaN
0.054650	66.000000	NaN
0.054700	64.000000	NaN
0.054750	61.000000	NaN
0.054800	56.000000	NaN
0.054850	50.000000	NaN
0.054900	43.000000	NaN
0.054950	35.000000	NaN
0.055000	28.000000	NaN
0.055050	21.000000	NaN
0.055100	15.000000	NaN
0.055150	10.000000	NaN
0.055200	7.000000	NaN
0.055250	6.000000	NaN
0.055300	8.000000	NaN
0.055350	13.000000	NaN
0.055400	21.000000	NaN
0.055450	31.000000	NaN
0.055500	46.000000	NaN
0.055550	62.000000	NaN
0.055600	80.000000	NaN
0.055650	98.000000	NaN
0.055700	118.000000	NaN
0.055750	136.000000	NaN
0.055800	154.000000	NaN
0.055850	169.000000	NaN
0.055900	182.000000	NaN
0.055950	191.000000	NaN
0.056000	195.000000	NaN
0.056050	197.000000	NaN
0.056100	193.000000	NaN
0.056150	186.000000	NaN
0.056200	176.000000	NaN
0.056250	161.000000	NaN
0.056300	145.000000	NaN
0.056350	126.000000	NaN
0.056400	106.000000	NaN
0.056450	85.000000	NaN
0.056500	66.000000	NaN
0.056550	47.000000	NaN
0.056600	31.000000	NaN
0.056650	19.000000	NaN
0.056700	11.000000	NaN
0.056750	8.000000	NaN
0.056800	10.000000	NaN
0.056850	18.000000	NaN
0.056900	31.000000	NaN
0.056950	50.000000	NaN
0.057000	71.000000	NaN
0.057050	97.000000	NaN
0.057100	123.000000	NaN
0.057150	151.000000	NaN
0.057200	178.000000	NaN
0.057250	202.000000	NaN
0.057300	225.000000	NaN
0.057350	243.000000	NaN
0.057400	257.000000	NaN
0.057450	264.000000	NaN
0.057500	265.000000	NaN
0.057550	263.000000	NaN
0.057600	254.000000	NaN
0.057650	239.000000	NaN
0.057700	221.000000	NaN
0.057750	199.000000	NaN
0.057800	175.000000	NaN
0.057850	150.000000	NaN
0.057900	124.000000	NaN
0.057950	98.000000	NaN
0.058000	74.000000	NaN
0.058050	53.000000	NaN
0.058100	35.000000	NaN
0.058150	20.000000	NaN
0.058200	11.000000	NaN
0.058250	7.000000	NaN
0.058300	8.000000	NaN
0.058350	15.000000	NaN
0.058400	26.000000	NaN
0.058450	41.000000	NaN
0.058500	59.000000	NaN
0.058550	79.000000	NaN
0.058600	100.000000	NaN
0.058650	120.000000	NaN
0.058700	139.000000	NaN
0.058750	156.000000	NaN
0.058800	169.000000	NaN
0.058850	180.000000	NaN
0.058900	186.000000	NaN
0.058950	188.000000	NaN
0.059000	186.000000	NaN
0.059050	180.000000	NaN
0.059100	170.000000	NaN
0.059150	157.000000	NaN
0.059200	142.000000	NaN
0.059250	126.000000	NaN
0.059300	108.000000	NaN
0.059350	90.000000	NaN
0.059400	73.000000	NaN
0.059450	57.000000	NaN
0.059500	42.000000	NaN
0.059550	30.000000	NaN
0.059600	20.000000	NaN
0.059650	12.000000	NaN
0.059700	8.000000	NaN
0.059750	5.000000	NaN
0.059800	5.000000	NaN
0.059850	8.000000	NaN
0.059900	12.000000	NaN
0.059950	17.000000	NaN
0.060000	24.000000	NaN
0.060050	31.000000	NaN
0.060100	39.000000	NaN
0.060150	45.000000	NaN
0.060200	51.000000	NaN
0.060250	55.000000	NaN
0.060300	58.000000	NaN
0.060350	60.000000	NaN
0.060400	61.000000	NaN
0.060450	59.000000	NaN
0.060500	56.000000	NaN
0.060550	52.000000	NaN
0.060600	48.000000	NaN
0.060650	43.000000	NaN
0.060700	37.000000	NaN
0.060750	32.000000	NaN
0.060800	26.000000	NaN
0.060850	22.000000	NaN
0.060900	17.000000	NaN
0.060950	13.000000	NaN
0.061000	10.000000	NaN
0.061050	7.000000	NaN
0.061100	6.000000	NaN
0.061150	4.000000	NaN
0.061200	4.000000	NaN
0.061250	3.000000	NaN
0.061300	3.000000	NaN
0.061350	3.000000	NaN
0.061400	4.000000	NaN
0.061450	5.000000	NaN
0.061500	5.000000	NaN
0.061550	6.000000	NaN
0.061600	6.000000	NaN
0.061650	7.000000	NaN
0.061700	6.000000	NaN
0.061750	7.000000	NaN
0.061800	6.000000	NaN
0.061850	6.000000	NaN
0.061900	6.000000	NaN
0.061950	5.000000	NaN
0.062000	4.000000	NaN
0.062050	3.000000	NaN
0.062100	3.000000	NaN
0.062150	3.000000	NaN
0.062200	2.000000	NaN
0.062250	2.000000	NaN
0.062300	1.000000	NaN
0.062350	1.000000	NaN
0.062400	1.000000	NaN
0.062450	1.000000	NaN
0.062500	1.000000	NaN
0.062550	1.000000	NaN
0.062600	1.000000	NaN
0.062650	1.000000	NaN
0.062700	1.000000	NaN
0.062750	2.000000	NaN
0.062800	2.000000	NaN
0.062850	3.000000	NaN
0.062900	3.000000	NaN
0.062950	4.000000	NaN
0.063000	4.000000	NaN
0.063050	5.000000	NaN
0.063100	6.000000	NaN
0.063150	7.000000	NaN
0.063200	8.000000	NaN
0.063250	8.000000	NaN
0.063300	9.000000	NaN
0.063350	9.000000	NaN
0.063400	10.000000	NaN
0.063450	10.000000	NaN
0.063500	9.000000	NaN
0.063550	9.000000	NaN
0.063600	9.000000	NaN
0.063650	8.000000	NaN
0.063700	8.000000	NaN
0.063750	7.000000	NaN
0.063800	6.000000	NaN
0.063850	5.000000	NaN
0.063900	4.000000	NaN
0.063950	3.000000	NaN
0.064000	3.000000	NaN
0.064050	2.000000	NaN
0.064100	1.000000	NaN
0.064150	1.000000	NaN
0.064200	1.000000	NaN
0.064250	1.000000	NaN
0.064300	2.000000	NaN
0.064350	2.000000	NaN
0.064400	3.000000	NaN
0.064450	4.000000	NaN
0.064500	4.000000	NaN
0.064550	5.000000	NaN
0.064600	6.000000	NaN
0.064650	7.000000	NaN
0.064700	8.000000	NaN
0.064750	9.000000	NaN
0.064800	9.000000	NaN
0.064850	9.000000	NaN
0.064900	10.000000	NaN
0.064950	9.000000	NaN
0.065000	9.000000	NaN
0.065050	8.000000	NaN
0.065100	8.000000	NaN
0.065150	7.000000	NaN
0.065200	6.000000	NaN
0.065250	5.000000	NaN
0.065300	4.000000	NaN
0.065350	3.000000	NaN
0.065400	3.000000	NaN
0.065450	2.000000	NaN
0.065500	2.000000	NaN
0.065550	1.000000	NaN
0.065600	1.000000	NaN
0.065650	2.000000	NaN
0.065700	1.000000	NaN
0.065750	1.000000	NaN
0.065800	1.000000	NaN
0.065850	1.000000	NaN
0.065900	2.000000	NaN
0.065950	2.000000	NaN
0.066000	2.000000	NaN
0.066050	2.000000	NaN
0.066100	3.000000	NaN
0.066150	3.000000	NaN
0.066200	3.000000	NaN
0.066250	3.000000	NaN
0.066300	3.000000	NaN
0.066350	3.000000	NaN
0.066400	3.000000	NaN
0.066450	3.000000	NaN
0.066500	3.000000	NaN
0.066550	3.000000	NaN
0.066600	2.000000	NaN
0.066650	3.000000	NaN
0.066700	2.000000	NaN
0.066750	2.000000	NaN
0.066800	2.000000	NaN
0.066850	1.000000	NaN
0.066900	2.000000	NaN
0.066950	1.000000	NaN
0.067000	1.000000	NaN
0.067050	1.000000	NaN
0.067100	1.000000	NaN
0.067150	1.000000	NaN
0.067200	1.000000	NaN
0.067250	1.000000	NaN
0.067300	1.000000	NaN
0.067350	1.000000	NaN
0.067400	2.000000	NaN
0.067450	2.000000	NaN
0.067500	2.000000	NaN
0.067550	3.000000	NaN
0.067600	3.000000	NaN
0.067650	4.000000	NaN
0.067700	4.000000	NaN
0.067750	4.000000	NaN
0.067800	5.000000	NaN
0.067850	5.000000	NaN
0.067900	5.000000	NaN
0.067950	5.000000	NaN
0.068000	5.000000	NaN
0.068050	5.000000	NaN
0.068100	5.000000	NaN
0.068150	4.000000	NaN
0.068200	4.000000	NaN
0.068250	4.000000	NaN
0.068300	3.000000	NaN
0.068350	3.000000	NaN
0.068400	2.000000	NaN
0.068450	2.000000	NaN
0.068500	2.000000	NaN
0.068550	1.000000	NaN
0.068600	1.000000	NaN
0.068650	1.000000	NaN
0.068700	1.000000	NaN
0.068750	1.000000	NaN
0.068800	1.000000	NaN
0.068850	1.000000	NaN
0.068900	2.000000	NaN
0.068950	2.000000	NaN
0.069000	3.000000	NaN
0.069050	3.000000	NaN
0.069100	4.000000	NaN
0.069150	4.000000	NaN
0.069200	4.000000	NaN
0.069250	4.000000	NaN
0.069300	5.000000	NaN
0.069350	5.000000	NaN
0.069400	5.000000	NaN
0.069450	5.000000	NaN
0.069500	4.000000	NaN
0.069550	4.000000	NaN
0.069600	4.000000	NaN
0.069650	3.000000	NaN
0.069700	3.000000	NaN
0.069750	3.000000	NaN
0.069800	2.000000	NaN
0.069850	2.000000	NaN
0.069900	1.000000	NaN
0.069950	1.000000	NaN
