0.045000	1.000000	NaN
0.045050	1.000000	NaN
0.045100	1.000000	NaN
0.045150	1.000000	NaN
0.045200	1.000000	NaN
0.045250	1.000000	NaN
0.045300	2.000000	NaN
0.045350	2.000000	NaN
0.045400	2.000000	NaN
0.045450	3.000000	NaN
0.045500	2.000000	NaN
0.045550	4.000000	NaN
0.045600	3.000000	NaN
0.045650	3.000000	NaN
0.045700	3.000000	NaN
0.045750	3.000000	NaN
0.045800	2.000000	NaN
0.045850	2.000000	NaN
0.045900	1.000000	NaN
0.045950	1.000000	NaN
0.046000	1.000000	NaN
0.046050	1.000000	NaN
0.046100	1.000000	NaN
0.046150	1.000000	NaN
0.046200	2.000000	NaN
0.046250	2.000000	NaN
0.046300	2.000000	NaN
0.046350	3.000000	NaN
0.046400	3.000000	NaN
0.046450	3.000000	NaN
0.046500	4.000000	NaN
0.046550	4.000000	NaN
0.046600	4.000000	NaN
0.046650	4.000000	NaN
0.046700	3.000000	NaN
0.046750	2.000000	NaN
0.046800	2.000000	NaN
0.046850	2.000000	NaN
0.046900	2.000000	NaN
0.046950	1.000000	NaN
0.047000	1.000000	NaN
0.047050	1.000000	NaN
0.047100	1.000000	NaN
0.047150	1.000000	NaN
0.047200	1.000000	NaN
0.047250	1.000000	NaN
0.047300	1.000000	NaN
0.047350	2.000000	NaN
0.047400	2.000000	NaN
0.047450	2.000000	NaN
0.047500	2.000000	NaN
0.047550	2.000000	NaN
0.047600	2.000000	NaN
0.047650	2.000000	NaN
0.047700	2.000000	NaN
0.047750	2.000000	NaN
0.047800	2.000000	NaN
0.047850	2.000000	NaN
0.047900	1.000000	NaN
0.047950	1.000000	NaN
0.048000	1.000000	NaN
0.048050	1.000000	NaN
0.048100	1.000000	NaN
0.048150	1.000000	NaN
0.048200	1.000000	NaN
0.048250	1.000000	NaN
0.048300	1.000000	NaN
0.048350	2.000000	NaN
0.048400	2.000000	NaN
0.048450	2.000000	NaN
0.048500	2.000000	NaN
0.048550	2.000000	NaN
0.048600	2.000000	NaN
0.048650	2.000000	NaN
0.048700	2.000000	NaN
0.048750	2.000000	NaN
0.048800	2.000000	NaN
0.048850	2.000000	NaN
0.048900	1.000000	NaN
0.048950	1.000000	NaN
0.049000	1.000000	NaN
0.049050	1.000000	NaN
0.049100	1.000000	NaN
0.049150	1.000000	NaN
0.049200	2.000000	NaN
0.049250	2.000000	NaN
0.049300	3.000000	NaN
0.049350	3.000000	NaN
0.049400	4.000000	NaN
0.049450	5.000000	NaN
0.049500	5.000000	NaN
0.049550	6.000000	NaN
0.049600	6.000000	NaN
0.049650	6.000000	NaN
0.049700	5.000000	NaN
0.049750	4.000000	NaN
0.049800	3.000000	NaN
0.049850	2.000000	NaN
0.049900	2.000000	NaN
0.049950	2.000000	NaN
0.050000	1.000000	NaN
0.050050	0.000000	NaN
0.050100	2.000000	NaN
0.050150	2.000000	NaN
0.050200	3.000000	NaN
0.050250	4.000000	NaN
0.050300	6.000000	NaN
0.050350	6.000000	NaN
0.050400	7.000000	NaN
0.050450	8.000000	NaN
0.050500	9.000000	NaN
0.050550	10.000000	NaN
0.050600	9.000000	NaN
0.050650	8.000000	NaN
0.050700	8.000000	NaN
0.050750	6.000000	NaN
0.050800	5.000000	NaN
0.050850	4.000000	NaN
0.050900	3.000000	NaN
0.050950	2.000000	NaN
0.051000	1.000000	NaN
0.051050	1.000000	NaN
0.051100	1.000000	NaN
0.051150	2.000000	NaN
0.051200	3.000000	NaN
0.051250	4.000000	NaN
0.051300	4.000000	NaN
0.051350	6.000000	NaN
0.051400	7.000000	NaN
0.051450	8.000000	NaN
0.051500	8.000000	NaN
0.051550	8.000000	NaN
0.051600	8.000000	NaN
0.051650	7.000000	NaN
0.051700	6.000000	NaN
0.051750	6.000000	NaN
0.051800	5.000000	NaN
0.051850	4.000000	NaN
0.051900	3.000000	NaN
0.051950	2.000000	NaN
0.052000	1.000000	NaN
0.052050	1.000000	NaN
0.052100	1.000000	NaN
0.052150	1.000000	NaN
0.052200	1.000000	NaN
0.052250	1.000000	NaN
0.052300	1.000000	NaN
0.052350	2.000000	NaN
0.052400	2.000000	NaN
0.052450	2.000000	NaN
0.052500	3.000000	NaN
0.052550	3.000000	NaN
0.052600	3.000000	NaN
0.052650	4.000000	NaN
0.052700	4.000000	NaN
0.052750	4.000000	NaN
0.052800	3.000000	NaN
0.052850	3.000000	NaN
0.052900	3.000000	NaN
0.052950	2.000000	NaN
0.053000	2.000000	NaN
0.053050	2.000000	NaN
0.053100	3.000000	NaN
0.053150	2.000000	NaN
0.053200	3.000000	NaN
0.053250	4.000000	NaN
0.053300	4.000000	NaN
0.053350	6.000000	NaN
0.053400	7.000000	NaN
0.053450	9.000000	NaN
0.053500	10.000000	NaN
0.053550	11.000000	NaN
0.053600	12.000000	NaN
0.053650	11.000000	NaN
0.053700	10.000000	NaN
0.053750	9.000000	NaN
0.053800	8.000000	NaN
0.053850	6.000000	NaN
0.053900	5.000000	NaN
0.053950	4.000000	NaN
0.054000	4.000000	NaN
0.054050	5.000000	NaN
0.054100	8.000000	NaN
0.054150	12.000000	NaN
0.054200	17.000000	NaN
0.054250	23.000000	NaN
0.054300	29.000000	NaN
0.054350	36.000000	NaN
0.054400	42.000000	NaN
0.054450	46.000000	NaN
0.054500	49.000000	NaN
0.054550	50.000000	NaN
0.054600	48.000000	NaN
0.054650	45.000000	NaN
0.054700	40.000000	NaN
0.054750	33.000000	NaN
0.054800	26.000000	NaN
0.054850	18.000000	NaN
0.054900	12.000000	NaN
0.054950	8.000000	NaN
0.055000	6.000000	NaN
0.055050	9.000000	NaN
0.055100	15.000000	NaN
0.055150	25.000000	NaN
0.055200	39.000000	NaN
0.055250	55.000000	NaN
0.055300	73.000000	NaN
0.055350	90.000000	NaN
0.055400	104.000000	NaN
0.055450	114.000000	NaN
0.055500	120.000000	NaN
0.055550	120.000000	NaN
0.055600	114.000000	NaN
0.055650	102.000000	NaN
0.055700	87.000000	NaN
0.055750	69.000000	NaN
0.055800	49.000000	NaN
0.055850	32.000000	NaN
0.055900	19.000000	NaN
0.055950	11.000000	NaN
0.056000	9.000000	NaN
0.056050	14.000000	NaN
0.056100	27.000000	NaN
0.056150	46.000000	NaN
0.056200	69.000000	NaN
0.056250	95.000000	NaN
0.056300	123.000000	NaN
0.056350	148.000000	NaN
0.056400	169.000000	NaN
0.056450	184.000000	NaN
0.056500	192.000000	NaN
0.056550	191.000000	NaN
0.056600	181.000000	NaN
0.056650	163.000000	NaN
0.056700	138.000000	NaN
0.056750	109.000000	NaN
0.056800	79.000000	NaN
0.056850	52.000000	NaN
0.056900	29.000000	NaN
0.056950	15.000000	NaN
0.057000	11.000000	NaN
0.057050	17.000000	NaN
0.057100	32.000000	NaN
0.057150	57.000000	NaN
0.057200	87.000000	NaN
0.057250	120.000000	NaN
0.057300	153.000000	NaN
0.057350	182.000000	NaN
0.057400	205.000000	NaN
0.057450	219.000000	NaN
0.057500	221.000000	NaN
0.057550	216.000000	NaN
0.057600	200.000000	NaN
0.057650	176.000000	NaN
0.057700	147.000000	NaN
0.057750	116.000000	NaN
0.057800	85.000000	NaN
0.057850	56.000000	NaN
0.057900	34.000000	NaN
0.057950	18.000000	NaN
0.058000	11.000000	NaN
0.058050	14.000000	NaN
0.058100	26.000000	NaN
0.058150	46.000000	NaN
0.058200	72.000000	NaN
0.058250	101.000000	NaN
0.058300	130.000000	NaN
0.058350	157.000000	NaN
0.058400	178.000000	NaN
0.058450	190.000000	NaN
0.058500	194.000000	NaN
0.058550	187.000000	NaN
0.058600	172.000000	NaN
0.058650	151.000000	NaN
0.058700	125.000000	NaN
0.058750	95.000000	NaN
0.058800	68.000000	NaN
0.058850	44.000000	NaN
0.058900	25.000000	NaN
0.058950	13.000000	NaN
0.059000	10.000000	NaN
0.059050	14.000000	NaN
0.059100	24.000000	NaN
0.059150	38.000000	NaN
0.059200	56.000000	NaN
0.059250	75.000000	NaN
0.059300	91.000000	NaN
0.059350	105.000000	NaN
0.059400	116.000000	NaN
0.059450	121.000000	NaN
0.059500	122.000000	NaN
0.059550	117.000000	NaN
0.059600	107.000000	NaN
0.059650	94.000000	NaN
0.059700	78.000000	NaN
0.059750	61.000000	NaN
0.059800	45.000000	NaN
0.059850	30.000000	NaN
0.059900	18.000000	NaN
0.059950	11.000000	NaN
0.060000	7.000000	NaN
0.060050	8.000000	NaN
0.060100	12.000000	NaN
0.060150	18.000000	NaN
0.060200	26.000000	NaN
0.060250	35.000000	NaN
0.060300	41.000000	NaN
0.060350	47.000000	NaN
0.060400	51.000000	NaN
0.060450	52.000000	NaN
0.060500	50.000000	NaN
0.060550	47.000000	NaN
0.060600	41.000000	NaN
0.060650	35.000000	NaN
0.060700	28.000000	NaN
0.060750	21.000000	NaN
0.060800	15.000000	NaN
0.060850	11.000000	NaN
0.060900	8.000000	NaN
0.060950	5.000000	NaN
0.061000	4.000000	NaN
0.061050	4.000000	NaN
0.061100	5.000000	NaN
0.061150	7.000000	NaN
0.061200	8.000000	NaN
0.061250	10.000000	NaN
0.061300	11.000000	NaN
0.061350	12.000000	NaN
0.061400	12.000000	NaN
0.061450	12.000000	NaN
0.061500	11.000000	NaN
0.061550	10.000000	NaN
0.061600	8.000000	NaN
0.061650	7.000000	NaN
0.061700	5.000000	NaN
0.061750	4.000000	NaN
0.061800	3.000000	NaN
0.061850	2.000000	NaN
0.061900	2.000000	NaN
0.061950	2.000000	NaN
0.062000	3.000000	NaN
0.062050	3.000000	NaN
0.062100	3.000000	NaN
0.062150	4.000000	NaN
0.062200	4.000000	NaN
0.062250	4.000000	NaN
0.062300	4.000000	NaN
0.062350	4.000000	NaN
0.062400	4.000000	NaN
0.062450	3.000000	NaN
0.062500	3.000000	NaN
0.062550	2.000000	NaN
0.062600	2.000000	NaN
0.062650	2.000000	NaN
0.062700	2.000000	NaN
0.062750	1.000000	NaN
0.062800	1.000000	NaN
0.062850	1.000000	NaN
0.062900	1.000000	NaN
0.062950	1.000000	NaN
0.063000	2.000000	NaN
0.063050	2.000000	NaN
0.063100	3.000000	NaN
0.063150	4.000000	NaN
0.063200	5.000000	NaN
0.063250	6.000000	NaN
0.063300	7.000000	NaN
0.063350	7.000000	NaN
0.063400	8.000000	NaN
0.063450	8.000000	NaN
0.063500	8.000000	NaN
0.063550	7.000000	NaN
0.063600	7.000000	NaN
0.063650	6.000000	NaN
0.063700	3.000000	NaN
0.063750	3.000000	NaN
0.063800	2.000000	NaN
0.063850	2.000000	NaN
0.063900	0.000000	NaN
0.063950	1.000000	NaN
0.064000	1.000000	NaN
0.064050	2.000000	NaN
0.064100	3.000000	NaN
0.064150	4.000000	NaN
0.064200	5.000000	NaN
0.064250	7.000000	NaN
0.064300	8.000000	NaN
0.064350	9.000000	NaN
0.064400	9.000000	NaN
0.064450	10.000000	NaN
0.064500	10.000000	NaN
0.064550	9.000000	NaN
0.064600	8.000000	NaN
0.064650	7.000000	NaN
0.064700	5.000000	NaN
0.064750	4.000000	NaN
0.064800	3.000000	NaN
0.064850	2.000000	NaN
0.064900	1.000000	NaN
0.064950	1.000000	NaN
0.065000	1.000000	NaN
0.065050	1.000000	NaN
0.065100	2.000000	NaN
0.065150	3.000000	NaN
0.065200	4.000000	NaN
0.065250	5.000000	NaN
0.065300	5.000000	NaN
0.065350	6.000000	NaN
0.065400	6.000000	NaN
0.065450	6.000000	NaN
0.065500	5.000000	NaN
0.065550	5.000000	NaN
0.065600	4.000000	NaN
0.065650	3.000000	NaN
0.065700	3.000000	NaN
0.065750	2.000000	NaN
0.065800	2.000000	NaN
0.065850	1.000000	NaN
0.065900	1.000000	NaN
0.065950	1.000000	NaN
0.066000	1.000000	NaN
0.066050	1.000000	NaN
0.066100	2.000000	NaN
0.066150	2.000000	NaN
0.066200	2.000000	NaN
0.066250	2.000000	NaN
0.066300	2.000000	NaN
0.066350	2.000000	NaN
0.066400	3.000000	NaN
0.066450	2.000000	NaN
0.066500	2.000000	NaN
0.066550	2.000000	NaN
0.066600	2.000000	NaN
0.066650	1.000000	NaN
0.066700	1.000000	NaN
0.066750	1.000000	NaN
0.066800	0.000000	NaN
0.066850	1.000000	NaN
0.066900	1.000000	NaN
0.066950	1.000000	NaN
0.067000	1.000000	NaN
0.067050	1.000000	NaN
0.067100	1.000000	NaN
0.067150	2.000000	NaN
0.067200	2.000000	NaN
0.067250	2.000000	NaN
0.067300	3.000000	NaN
0.067350	3.000000	NaN
0.067400	3.000000	NaN
0.067450	2.000000	NaN
0.067500	2.000000	NaN
0.067550	2.000000	NaN
0.067600	2.000000	NaN
0.067650	2.000000	NaN
0.067700	1.000000	NaN
0.067750	1.000000	NaN
0.067800	1.000000	NaN
0.067850	1.000000	NaN
0.067900	1.000000	NaN
0.067950	1.000000	NaN
0.068000	1.000000	NaN
0.068050	1.000000	NaN
0.068100	2.000000	NaN
0.068150	2.000000	NaN
0.068200	3.000000	NaN
0.068250	3.000000	NaN
0.068300	4.000000	NaN
0.068350	4.000000	NaN
0.068400	4.000000	NaN
0.068450	4.000000	NaN
0.068500	4.000000	NaN
0.068550	4.000000	NaN
0.068600	3.000000	NaN
0.068650	2.000000	NaN
0.068700	2.000000	NaN
0.068750	1.000000	NaN
0.068800	1.000000	NaN
0.068850	0.000000	NaN
0.068900	1.000000	NaN
0.068950	1.000000	NaN
0.069000	1.000000	NaN
0.069050	1.000000	NaN
0.069100	2.000000	NaN
0.069150	2.000000	NaN
0.069200	2.000000	NaN
0.069250	3.000000	NaN
0.069300	3.000000	NaN
0.069350	3.000000	NaN
0.069400	3.000000	NaN
0.069450	4.000000	NaN
0.069500	3.000000	NaN
0.069550	3.000000	NaN
0.069600	3.000000	NaN
0.069650	2.000000	NaN
0.069700	1.000000	NaN
0.069750	1.000000	NaN
0.069800	1.000000	NaN
0.069850	1.000000	NaN
0.069900	1.000000	NaN
0.069950	1.000000	NaN
